# UVT temporal graph (first 3 hours)
# city=helsinki
# T_max=121  total_nodes=1292  total_temporal_edges=2092
# first10_window_end=13  last50_window_start=61
#
# SOURCE-TARGET-DEADLINE (4 combos):
# combo 1: source=31 target=5330 deadline=56  (travel=28, dep_t=69, arr_t=96, hops=20)
# combo 2: source=31 target=5359 deadline=121  (NO_PATH -> deadline=T)
# combo 3: source=285 target=5330 deadline=50  (travel=25, dep_t=72, arr_t=96, hops=19)
# combo 4: source=285 target=5359 deadline=121  (NO_PATH -> deadline=T)
#
# u v t
2478 6082 1
6082 6080 2
6080 6070 2
6070 6087 3
6087 6182 4
6182 6176 4
5417 5432 4
6176 6174 5
6174 6172 5
5432 5413 5
6172 1931 6
5413 5420 6
1931 1933 7
1933 6110 8
6110 6107 8
5420 5403 8
5403 5405 8
6107 6106 9
5405 5386 9
5386 5406 9
31 285 9
6106 6104 10
6104 6102 10
6102 6151 10
6151 6149 11
6149 6147 11
6147 6145 11
5406 5367 11
5367 5408 11
6145 6143 12
6143 6141 12
5408 5353 12
5353 5358 12
285 319 12
6141 5546 13
5358 5329 13
5329 5359 13
319 332 13
5546 5544 14
5359 5336 14
5544 5542 15
5336 5338 15
5338 5348 15
5348 5374 15
332 698 15
5542 5599 16
5599 5597 16
5374 5397 16
698 701 16
5597 5595 17
5595 5621 17
5397 5378 17
701 700 17
5621 5493 18
5378 5682 18
5682 5680 18
700 755 18
5493 5501 19
5680 5647 19
755 772 19
5501 5508 20
5508 5472 20
5647 5645 20
5645 5665 20
772 791 20
5472 5456 21
5665 5521 21
791 872 21
5456 5474 22
5521 5535 22
5535 5524 22
872 916 22
5524 5537 23
5537 5459 23
916 1446 23
5459 5461 24
5461 5457 24
1446 5311 24
5417 5432 24
5474 5468 25
5457 5456 25
5468 5462 26
5456 5478 26
5462 5460 27
5460 5536 27
5536 5525 27
5432 5413 27
5311 5308 28
5525 5523 29
5478 5471 29
5308 5306 29
5413 5420 29
5523 5522 30
5522 5666 30
5306 5345 30
5420 5403 30
5666 5646 31
5646 5648 31
2478 6082 31
5471 5506 31
5345 5343 31
5403 5405 31
5648 5679 32
6082 6080 32
6080 6070 32
5506 5499 32
5343 5342 32
5342 5333 32
5405 5386 32
5386 5381 32
5679 5685 33
5685 5398 33
6070 6087 33
5499 5492 33
5492 5622 33
5333 5330 33
5381 5329 33
5329 5359 33
5398 5379 34
6087 6182 34
6182 6176 34
5622 5594 34
5417 5432 34
5330 5360 34
5359 5315 34
5379 5369 35
6176 6174 35
6174 6172 35
5594 5596 35
5596 5601 35
5432 5413 35
5360 5357 35
5357 5380 35
5315 5331 35
5369 5339 36
6172 1931 36
5601 5543 36
5543 5545 36
5413 5420 36
5331 5341 36
5341 5344 36
5339 5330 37
1931 1933 37
5545 6140 37
5380 5387 37
5344 5307 37
5330 5360 38
5360 5357 38
5357 5340 38
1933 6110 38
6110 6107 38
6140 6142 38
5420 5403 38
5403 5405 38
5387 5402 38
5402 5404 38
5340 5372 39
6107 6106 39
6142 6144 39
6144 6146 39
6146 6148 39
5405 5386 39
5386 5406 39
5404 5430 39
31 285 39
5307 5309 39
5372 5407 40
6106 6104 40
6104 6102 40
6102 6151 40
6148 6150 40
6150 6101 40
5430 5412 40
5309 1445 40
5407 5368 41
5368 5409 41
6151 6149 41
6149 6147 41
6147 6145 41
6101 6105 41
5406 5367 41
5367 5408 41
5409 5387 42
6145 6143 42
6143 6141 42
6105 6108 42
6108 6109 42
5408 5353 42
5353 5358 42
5412 5423 42
285 319 42
5387 5402 43
5402 5404 43
6141 5546 43
6109 1934 43
1934 1932 43
5358 5329 43
5329 5359 43
319 332 43
5404 5430 44
5546 5544 44
1932 6171 44
5359 5336 44
5423 5421 44
1445 861 44
5430 5412 45
5544 5542 45
5336 5338 45
5338 5348 45
5348 5374 45
5421 5416 45
332 698 45
861 873 45
6966 7065 46
5542 5599 46
5599 5597 46
6171 6175 46
6175 6180 46
5374 5397 46
698 701 46
873 774 46
5412 5423 47
5597 5595 47
5595 5621 47
6180 6181 47
5397 5378 47
701 700 47
774 557 47
5423 5421 48
5621 5493 48
6181 6086 48
6086 6071 48
5378 5682 48
5682 5680 48
700 755 48
557 563 48
563 675 48
7065 5916 49
5421 5416 49
5493 5501 49
6071 6081 49
5680 5647 49
755 772 49
675 697 49
5501 5508 50
5508 5472 50
6081 6083 50
6083 2462 50
5647 5645 50
5645 5665 50
772 791 50
697 678 50
5472 5456 51
5665 5521 51
791 872 51
678 318 51
5916 5798 52
5456 5474 52
5521 5535 52
5535 5524 52
872 916 52
5524 5537 53
5537 5459 53
916 1446 53
318 303 53
5798 5836 54
5459 5461 54
5461 5457 54
1446 5311 54
303 281 54
5417 5432 54
5474 5468 55
5457 5456 55
281 50 55
5836 5452 56
5468 5462 56
5456 5478 56
5462 5460 57
5460 5536 57
5536 5525 57
5432 5413 57
5311 5308 58
5452 5488 59
6359 6357 59
5525 5523 59
5478 5471 59
5308 5306 59
5413 5420 59
5523 5522 60
5522 5666 60
5306 5345 60
5420 5403 60
6357 6356 61
2478 6082 61
5666 5646 61
5646 5648 61
5471 5506 61
5345 5343 61
5403 5405 61
5488 1898 62
6082 6080 62
6080 6070 62
5648 5679 62
5506 5499 62
5343 5342 62
5342 5333 62
5405 5386 62
5386 5381 62
6070 6087 63
5679 5685 63
5685 5398 63
5499 5492 63
5492 5622 63
5333 5330 63
5381 5329 63
5329 5359 63
4244 4235 64
4235 4233 64
1898 1785 64
6356 6360 64
6087 6182 64
6182 6176 64
5417 5432 64
5398 5379 64
5622 5594 64
5330 5360 64
5359 5315 64
4233 4231 65
4231 3208 65
6176 6174 65
6174 6172 65
5432 5413 65
5379 5369 65
5594 5596 65
5596 5601 65
5360 5357 65
5357 5380 65
5315 5331 65
1785 1650 66
6172 1931 66
5413 5420 66
5369 5339 66
5601 5543 66
5543 5545 66
5331 5341 66
5341 5344 66
3208 3211 67
3211 3134 67
6360 4005 67
1931 1933 67
5339 5330 67
5545 6140 67
5380 5387 67
5344 5307 67
3134 3132 68
3132 3115 68
1650 1580 68
1933 6110 68
6110 6107 68
5420 5403 68
5403 5405 68
5330 5360 68
5360 5357 68
5357 5340 68
6140 6142 68
5387 5402 68
5402 5404 68
3115 3117 69
6107 6106 69
5405 5386 69
5386 5406 69
5340 5372 69
6142 6144 69
6144 6146 69
6146 6148 69
31 285 69
5404 5430 69
5307 5309 69
291 319 69
3117 3129 70
3129 3141 70
1580 934 70
6106 6104 70
6104 6102 70
6102 6151 70
5372 5407 70
6148 6150 70
6150 6101 70
5430 5412 70
5309 1445 70
319 332 70
3141 3144 71
3144 3146 71
4005 4097 71
6151 6149 71
6149 6147 71
6147 6145 71
5406 5367 71
5367 5408 71
5407 5368 71
5368 5409 71
6101 6105 71
3146 3148 72
3148 4698 72
934 799 72
6145 6143 72
6143 6141 72
5408 5353 72
5353 5358 72
5409 5387 72
6105 6108 72
6108 6109 72
285 319 72
5412 5423 72
332 698 72
4698 4699 73
6141 5546 73
5358 5329 73
5329 5359 73
5387 5402 73
5402 5404 73
6109 1934 73
1934 1932 73
4699 4700 74
799 594 74
5546 5544 74
5359 5336 74
5404 5430 74
1932 6171 74
319 332 74
5423 5421 74
1445 861 74
698 701 74
4700 2983 75
4097 4111 75
5544 5542 75
5542 5599 75
5336 5338 75
5338 5348 75
5348 5374 75
5430 5412 75
332 698 75
5421 5416 75
861 873 75
701 700 75
2983 2981 76
5599 5597 76
5597 5595 76
5374 5397 76
6171 6175 76
6175 6180 76
873 774 76
700 755 76
2981 2979 77
2979 2986 77
594 78 77
4111 3224 77
5595 5621 77
5621 5493 77
5397 5378 77
5412 5423 77
6180 6181 77
698 701 77
774 557 77
755 772 77
2986 2946 78
5493 5501 78
5378 5682 78
5682 5680 78
5423 5421 78
6181 6086 78
6086 6071 78
701 700 78
557 563 78
563 675 78
772 791 78
2946 2948 79
3224 4620 79
53 380 79
5501 5508 79
5680 5647 79
5421 5416 79
6071 6081 79
700 755 79
675 697 79
791 872 79
2948 2959 80
2959 2958 80
5508 5472 80
5472 5456 80
5647 5645 80
5645 5665 80
6081 6083 80
6083 2462 80
755 772 80
697 678 80
872 916 80
2958 2878 81
4620 3082 81
5665 5521 81
772 791 81
678 318 81
916 1446 81
2878 2846 82
380 449 82
5456 5474 82
5521 5535 82
791 872 82
2846 2856 83
3082 3052 83
449 428 83
5535 5524 83
5524 5537 83
872 916 83
318 303 83
1446 5302 83
2856 2857 84
2857 2853 84
428 605 84
5537 5459 84
5459 5461 84
5461 5457 84
916 1446 84
303 281 84
2853 2848 85
3052 2895 85
605 603 85
5474 5468 85
5457 5456 85
4784 4792 85
1446 5311 85
281 50 85
5468 5462 86
5456 5478 86
4792 4772 86
4772 4770 86
5302 5354 86
2848 2888 87
2895 3004 87
603 509 87
509 510 87
4843 4847 87
5462 5460 87
5460 5536 87
5536 5525 87
4770 4711 87
2888 2928 88
3409 3237 88
4847 4839 88
4711 4709 88
5354 5399 88
5883 5884 88
2928 2926 89
3237 3235 89
2172 2202 89
3004 2340 89
6359 6357 89
510 978 89
978 1028 89
4839 4860 89
5525 5523 89
5478 5471 89
4709 4705 89
5311 5308 89
5884 5882 89
6254 6256 89
6256 6252 89
6252 6271 89
6005 6030 89
6972 6974 89
6974 6976 89
2926 2318 90
4154 4151 90
2210 2281 90
3235 3285 90
2202 2188 90
2188 2177 90
77 592 90
1028 1067 90
5523 5522 90
5522 5666 90
4705 4703 90
5308 5306 90
5882 5880 90
5880 5889 90
6271 6258 90
6030 6009 90
6976 6978 90
6978 6980 90
1379 1378 91
2665 2669 91
3708 3710 91
2318 2306 91
2306 2325 91
4151 4153 91
3285 3284 91
2177 2225 91
2225 2220 91
2340 2339 91
6357 6356 91
1067 1069 91
4860 4879 91
5666 5646 91
5646 5648 91
2478 6082 91
4703 4741 91
5306 5345 91
5399 5373 91
5889 5878 91
6258 6233 91
5484 5463 91
6009 6007 91
6980 6982 91
1378 1381 92
1381 1373 92
2669 2748 92
3710 3712 92
2325 2298 92
4153 4146 92
4146 4106 92
2281 2282 92
3284 3389 92
2220 2222 92
1069 831 92
5648 5679 92
6082 6080 92
5471 5506 92
4741 4743 92
5373 5388 92
5878 5869 92
6233 6231 92
5922 5924 92
5463 5437 92
6007 6022 92
6022 6026 92
6982 6992 92
1373 1375 93
2748 2680 93
3712 3730 93
3730 3664 93
2298 2322 93
2282 2229 93
2222 2513 93
2339 1018 93
831 1332 93
2740 2700 93
4879 1401 93
5679 5685 93
5685 5398 93
6080 6070 93
6070 6087 93
4743 4802 93
5345 5343 93
5388 5402 93
6231 6229 93
6229 6250 93
5924 5923 93
5437 5438 93
5438 5440 93
6026 5990 93
6992 6995 93
6995 6987 93
1375 1370 94
3664 3666 94
2322 2320 94
4106 4103 94
2229 1515 94
3389 3386 94
2513 2504 94
592 799 94
6356 6360 94
1332 1334 94
1334 1336 94
2700 2696 94
1401 1403 94
1403 1494 94
5398 5379 94
6087 6182 94
6182 6176 94
5506 5499 94
5417 5432 94
4802 4847 94
5343 5342 94
31 285 94
5402 5404 94
5404 5430 94
5869 5914 94
6250 6219 94
6219 6221 94
5923 5919 94
5440 5442 94
5442 5444 94
5990 5975 94
6987 6988 94
1370 1372 95
2680 2720 95
2720 2718 95
3666 3732 95
3732 3734 95
2320 1011 95
4103 4101 95
1018 555 95
1336 1389 95
2696 2702 95
5379 5369 95
6176 6174 95
5499 5492 95
5492 5622 95
5432 5413 95
4847 4839 95
5342 5333 95
5430 5412 95
5914 5867 95
6221 6216 95
6216 6202 95
5919 5921 95
5921 5935 95
5444 5447 95
5975 5963 95
6988 6955 95
1372 1368 96
1368 1364 96
2718 2725 96
2375 2374 96
3734 3677 96
4101 4128 96
2504 1600 96
799 934 96
1389 1391 96
2702 2698 96
2698 2704 96
5369 5339 96
6174 6172 96
6172 1931 96
5622 5594 96
5413 5420 96
5333 5330 96
5412 5423 96
5423 5421 96
6202 6205 96
5935 5937 96
5447 5449 96
5963 5978 96
5978 5965 96
1364 1362 97
2725 2723 97
2374 2372 97
2372 2370 97
3677 3679 97
3679 3681 97
1011 503 97
4128 4126 97
1515 1532 97
3386 3391 97
1600 1627 97
555 593 97
6360 4005 97
1391 4859 97
2704 2722 97
1494 1475 97
5339 5330 97
5594 5596 97
5596 5601 97
4839 4807 97
285 319 97
5421 5416 97
5867 5866 97
5866 5864 97
6205 6207 97
6207 6209 97
5449 5450 97
5450 5713 97
5965 5967 97
5967 5973 97
6955 6952 97
1362 1366 98
1366 1260 98
2723 2714 98
2714 2677 98
2370 2368 98
2368 2398 98
3681 3683 98
4126 4112 98
1532 1653 98
3391 3020 98
1627 1606 98
934 1580 98
2722 2724 98
1475 1484 98
5330 5360 98
5360 5357 98
1931 1933 98
5601 5543 98
5543 5545 98
5420 5403 98
5403 5405 98
4807 4809 98
5330 5360 98
5864 5862 98
6209 6218 98
5937 5951 98
5713 5717 98
5973 5971 98
5971 5899 98
6952 6946 98
6946 6957 98
1260 1259 99
2398 2353 99
3683 3657 99
503 502 99
37 398 99
4112 4119 99
4119 4118 99
1606 1611 99
593 79 99
4859 4820 99
2724 2625 99
5357 5340 99
1933 6110 99
5545 6140 99
5405 5386 99
5386 5406 99
4809 4811 99
5233 5234 99
5360 5357 99
5357 5380 99
319 332 99
5862 5796 99
5796 5784 99
6218 6156 99
5883 5884 99
5951 5950 99
5950 5905 99
5717 5718 99
6047 6048 99
6048 6046 99
5899 5898 99
6957 6942 99
1259 1256 100
2677 2743 100
2353 2408 100
2408 2221 100
3657 3660 100
3660 3936 100
502 500 100
4118 4081 100
1653 919 100
3020 3005 100
3005 2996 100
1611 1582 100
1582 1590 100
1590 1594 100
1580 1650 100
4820 4834 100
1484 1490 100
5340 5372 100
6110 6107 100
6107 6106 100
6140 6142 100
4811 4824 100
5234 5238 100
332 698 100
5784 5794 100
5794 5819 100
6156 6154 100
5884 5882 100
5718 5725 100
6046 6044 100
5898 5912 100
5912 5905 100
6942 6940 100
6940 6937 100
1256 1255 101
2743 2142 101
3936 3913 101
500 597 101
4081 4158 101
2996 2915 101
1594 1722 101
75 592 101
4005 4097 101
2625 2676 101
1490 5304 101
5372 5407 101
5407 5368 101
6106 6104 101
6142 6144 101
6144 6146 101
6146 6148 101
5406 5367 101
5367 5408 101
4824 4882 101
5238 5237 101
5237 5220 101
5380 5387 101
5819 5818 101
5818 5833 101
6154 6170 101
6170 6166 101
5882 5880 101
5880 5889 101
5905 5903 101
5903 5869 101
5725 5728 101
6044 6042 101
5905 5903 101
6937 7003 101
1255 1253 102
1253 2312 102
2142 2168 102
2221 2226 102
2226 2178 102
597 599 102
398 427 102
4158 4168 102
919 921 102
2915 2888 102
1650 1785 102
4834 4807 102
2676 2747 102
5368 5409 102
6104 6102 102
6102 6151 102
6148 6150 102
6150 6101 102
5408 5353 102
5353 5358 102
4882 4883 102
5220 5222 102
5222 5224 102
698 701 102
5833 5816 102
6166 6164 102
6164 6144 102
5889 5878 102
5869 5895 102
5728 5780 102
5780 5706 102
6042 5911 102
5903 5869 102
5869 5914 102
7003 7023 102
2312 2308 103
1807 1806 103
1833 1841 103
1841 1895 103
2168 2144 103
2144 2146 103
2178 2189 103
3913 3513 103
599 429 103
921 863 103
2888 2928 103
3409 3237 103
1722 1721 103
4807 4809 103
2747 2670 103
5409 5387 103
6151 6149 103
6149 6147 103
6147 6145 103
6101 6105 103
6105 6108 103
5358 5329 103
4883 4885 103
4885 4923 103
5477 5468 103
5224 5226 103
5387 5402 103
5402 5404 103
701 700 103
5816 5709 103
6144 6146 103
6146 6148 103
5878 5902 103
5895 5766 103
5706 5708 103
5911 5876 103
5876 5874 103
7023 7021 103
7021 7019 103
2308 2306 104
1806 1803 104
1895 1893 104
2146 2290 104
2189 2185 104
3513 3445 104
429 426 104
427 428 104
4168 4163 104
4163 4167 104
863 871 104
2928 2926 104
2926 2306 104
3237 3235 104
1721 1578 104
1578 1570 104
1785 1898 104
4809 4811 104
2670 2679 104
5387 5402 104
5402 5404 104
6145 6143 104
6143 6141 104
6108 6109 104
6109 1934 104
1934 1932 104
5329 5359 104
4923 4888 104
4834 4807 104
5468 5462 104
5226 5228 104
5404 5430 104
700 755 104
5709 5781 104
6148 6150 104
6150 6101 104
5766 5764 104
5708 5815 104
5874 5872 104
5872 5902 104
5914 5867 104
7019 7017 104
7017 7015 104
2306 2325 105
1803 1829 105
1893 1883 105
2290 2251 105
2185 2183 105
2183 2255 105
3445 3439 105
428 598 105
4167 4165 105
871 882 105
3235 3285 105
1570 1563 105
4097 4111 105
4811 4824 105
2679 2464 105
5304 1730 105
5404 5430 105
5430 5412 105
6141 5546 105
1932 6171 105
5359 5336 105
5336 5338 105
4888 4890 105
4890 4966 105
4807 4809 105
5462 5467 105
5228 5362 105
5430 5412 105
755 772 105
5781 5726 105
5764 5762 105
5815 5817 105
5817 5800 105
5867 5866 105
5866 5864 105
7015 7013 105
7013 7008 105
2325 2298 106
1829 1832 106
1883 1892 106
2255 2278 106
2278 2268 106
2414 2456 106
3439 3393 106
426 381 106
598 596 106
4165 4062 106
4062 4209 106
882 865 106
2306 2325 106
3285 3284 106
1563 1561 106
1898 5487 106
592 5486 106
6966 7065 106
4824 4882 106
5546 5544 106
5338 5348 106
5348 5374 106
4966 4968 106
4809 4811 106
5467 5465 106
5362 5337 106
5337 5335 106
772 791 106
6101 6105 106
5902 5913 106
5762 5768 106
5768 5767 106
5800 5834 106
5834 5803 106
5902 5906 106
5864 5862 106
7008 7006 106
2298 2322 107
1832 1840 107
1892 1890 107
1890 1904 107
2268 2045 107
2045 2043 107
2456 2454 107
2454 2452 107
596 499 107
4209 4208 107
4208 4212 107
865 837 107
2325 2322 107
3284 3389 107
1561 1558 107
77 592 107
4111 3224 107
4882 4883 107
1730 1726 107
4843 4847 107
5412 5423 107
5544 5542 107
5542 5599 107
6171 6175 107
5374 5397 107
4811 4824 107
5465 5525 107
5525 5523 107
5335 5359 107
5359 5315 107
791 872 107
5726 5727 107
5727 5723 107
6105 6108 107
6108 6109 107
6132 6285 107
5913 5897 107
5767 5760 107
5803 5783 107
5906 5949 107
5949 5943 107
5862 5796 107
7006 7004 107
7004 6054 107
2322 2320 108
1817 1819 108
1840 1845 108
1845 1847 108
1904 1903 108
2043 2040 108
2040 2038 108
2452 2450 108
3393 3392 108
381 52 108
499 501 108
4212 4218 108
837 822 108
2322 2320 108
1558 1555 108
4883 4885 108
2464 2451 108
2740 2700 108
4847 4839 108
5423 5421 108
5599 5597 108
5597 5595 108
6175 6180 108
5397 5378 108
4968 4972 108
4972 5242 108
4824 4882 108
5523 5522 108
5315 5331 108
5412 5423 108
872 916 108
5723 5702 108
6109 1934 108
6285 6283 108
5897 5900 108
5900 5970 108
5760 5778 108
5943 5945 108
5796 5782 108
5782 5786 108
6054 6051 108
2320 976 109
1142 1141 109
1819 1822 109
1847 1848 109
1903 1907 109
2788 2786 109
2251 1988 109
2038 2036 109
2450 2448 109
2448 2473 109
3392 3418 109
3989 3965 109
4218 4220 109
3708 3714 109
822 827 109
2320 962 109
3389 3386 109
5487 5452 109
7065 5916 109
3224 4620 109
4885 4923 109
4923 4888 109
2700 2696 109
1726 1592 109
4839 4860 109
5421 5416 109
5595 5621 109
5621 5493 109
6180 6181 109
5378 5682 109
5682 5680 109
5767 5760 109
4882 4883 109
5522 5666 109
5331 5341 109
5341 5344 109
5423 5421 109
916 1446 109
5702 5580 109
1934 1932 109
1932 1534 109
5970 5968 109
5968 5940 109
5778 5708 109
5783 5793 109
5793 5790 109
5945 5947 109
5786 5788 109
6051 6052 109
6052 5909 109
976 1191 110
1141 1140 110
1822 1825 110
1825 1797 110
1848 1849 110
1849 1850 110
1907 1917 110
1917 1915 110
2786 2761 110
1988 1986 110
2036 2057 110
2473 2471 110
3418 1251 110
4106 4103 110
3965 3963 110
3963 3995 110
501 996 110
4220 4222 110
4222 4224 110
3714 3712 110
827 833 110
2210 2281 110
962 971 110
1555 914 110
914 911 110
5452 5730 110
4836 4848 110
4888 4890 110
4890 4966 110
2451 2455 110
2696 2702 110
5493 5501 110
6181 6086 110
6086 6071 110
5680 5647 110
5242 5216 110
5760 5778 110
5778 5708 110
4883 4885 110
4885 4922 110
5666 5646 110
5646 5676 110
5344 5307 110
1446 5311 110
5580 5578 110
6283 6281 110
5940 5952 110
5790 5838 110
5947 5969 110
5788 5790 110
5790 5838 110
5909 5888 110
1191 1144 111
1140 1139 111
931 932 111
932 930 111
1797 1814 111
1814 1813 111
1850 1852 111
1915 1918 111
2761 2756 111
1986 2001 111
2375 2374 111
2057 2071 111
2471 2140 111
4103 4101 111
3995 3961 111
3961 4172 111
996 1012 111
4224 4226 111
4226 4229 111
3712 3730 111
3730 3664 111
833 1066 111
971 1065 111
911 878 111
4620 3082 111
4848 4846 111
4966 4968 111
2455 2424 111
2702 2698 111
2698 2704 111
1592 1615 111
4860 4879 111
5501 5508 111
6071 6081 111
5647 5645 111
5645 5665 111
5216 5218 111
5218 5240 111
5708 5814 111
4922 4944 111
5421 5416 111
5578 5576 111
6281 6288 111
6288 6279 111
5952 5960 111
5708 5815 111
5838 5840 111
5840 5841 111
5969 5987 111
5987 5985 111
5838 5840 111
5840 5841 111
5888 5886 111
1144 1123 112
1139 1184 112
930 928 112
1813 1811 112
1852 1863 112
1918 1913 112
1913 1709 112
2756 2754 112
2754 2738 112
2001 2000 112
2374 2372 112
2071 2050 112
2050 2012 112
2693 2691 112
2140 2123 112
3574 3576 112
3576 3547 112
1251 1250 112
4101 4128 112
4172 4176 112
1012 2331 112
3664 3666 112
2281 2282 112
1065 943 112
3386 3391 112
878 880 112
880 882 112
592 799 112
5916 5798 112
4846 4827 112
4827 4813 112
4968 4972 112
2424 2351 112
2704 2722 112
1615 1612 112
5508 5472 112
6081 6083 112
5665 5521 112
5240 5239 112
5239 5235 112
5814 5830 112
4944 4899 112
5676 5684 112
5684 1822 112
5576 5574 112
5574 5572 112
6279 6277 112
6277 6275 112
5960 5936 112
5815 5817 112
5841 5843 112
5985 5983 112
5841 5843 112
5886 5911 112
5911 5876 112
1379 1378 113
1123 1121 113
1184 1185 113
1319 1320 113
1320 1314 113
928 926 113
926 814 113
1811 1810 113
1810 1793 113
1863 1874 113
1874 1873 113
1709 1706 113
2738 2634 113
2000 1998 113
1998 1996 113
2372 2370 113
2012 1973 113
2691 2759 113
2759 2687 113
2123 2119 113
3547 3545 113
1250 1215 113
4176 4170 113
4170 4168 113
2331 2319 113
4229 4243 113
4243 4231 113
3666 3732 113
3732 3734 113
1066 972 113
2282 2229 113
3391 3020 113
882 883 113
883 865 113
5730 5436 113
3082 3052 113
2211 2169 113
4731 4729 113
4729 4724 113
4813 4815 113
4972 5242 113
5082 5044 113
2351 2213 113
2722 2724 113
1612 1628 113
4879 1401 113
5472 5456 113
6083 2462 113
5521 5535 113
5235 5232 113
5830 5717 113
4899 4897 113
4897 4914 113
5307 5309 113
5572 5517 113
6275 6273 113
6273 6196 113
5936 5918 113
5817 5800 113
5843 6248 113
5983 5981 113
5843 6248 113
6248 6246 113
5876 5874 113
5874 5872 113
1378 1381 114
1381 1373 114
1121 472 114
1185 1186 114
1314 1323 114
2204 2174 114
814 812 114
1488 1487 114
1793 1790 114
1873 1755 114
1706 1705 114
1705 1704 114
2634 2635 114
1996 1994 114
2370 2368 114
2368 2398 114
1973 1959 114
2687 2685 114
2119 2113 114
3545 3520 114
3520 3518 114
1215 1213 114
3766 3789 114
4128 4126 114
4168 4163 114
4163 4167 114
2319 2321 114
2321 2323 114
4231 3208 114
3734 3677 114
972 961 114
2229 1515 114
943 828 114
865 835 114
835 837 114
5798 5836 114
4724 4721 114
4815 4826 114
4826 4812 114
5044 5046 114
5046 5048 114
2724 2625 114
1628 2505 114
1401 1403 114
1403 1494 114
5535 5524 114
5524 5537 114
5232 5224 114
5717 5718 114
5718 5725 114
4914 4916 114
5309 1445 114
5311 5308 114
5517 5533 114
6196 6219 114
5854 5845 114
5918 5920 114
5920 5928 114
6248 6239 114
6239 6237 114
5981 6029 114
6246 6244 114
4895 4945 114
5872 5869 114
1373 1375 115
472 470 115
470 474 115
1186 1187 115
1187 1188 115
1323 1299 115
812 810 115
810 790 115
1487 1481 115
1481 1483 115
1483 1480 115
1790 1788 115
1755 1750 115
1750 1748 115
1704 1626 115
1626 1624 115
2586 2561 115
2635 2637 115
1994 1992 115
1992 2012 115
2234 2231 115
2398 2383 115
1959 1957 115
2685 2684 115
2113 2112 115
2112 2124 115
2869 2854 115
3518 3556 115
1213 1211 115
1211 621 115
3789 3793 115
4126 4112 115
4112 4119 115
4167 4165 115
4094 4075 115
2323 2326 115
3208 3211 115
3677 3679 115
3679 3681 115
961 2319 115
828 840 115
3020 3005 115
3005 2996 115
3409 3237 115
837 823 115
799 934 115
5486 6965 115
3052 2895 115
2169 2749 115
4721 4719 115
4719 4734 115
4720 4991 115
4812 4810 115
5242 5216 115
5048 5067 115
2213 2513 115
5537 5459 115
5459 5461 115
5461 5457 115
5224 5226 115
5226 5228 115
5725 5723 115
4916 4911 115
1822 1825 115
5308 5306 115
5533 5519 115
5519 5458 115
1534 763 115
6219 6221 115
6221 6216 115
5845 5847 115
5928 5931 115
5931 5933 115
5800 5834 115
5834 5803 115
6237 7274 115
6029 6024 115
6024 6012 115
6244 6242 115
4945 4833 115
5869 5895 115
1375 1370 116
474 468 116
468 466 116
1188 1189 116
1299 1297 116
2174 2284 116
790 778 116
1480 1478 116
1478 1485 116
1788 1853 116
1748 1588 116
1624 1622 116
2561 2559 116
2637 2639 116
2012 1973 116
2231 2239 116
2383 2384 116
1957 264 116
2684 2720 116
2854 2850 116
2850 3073 116
3628 3627 116
3627 3606 116
3556 3507 116
621 619 116
3793 3799 116
4119 4118 116
4118 4081 116
4165 4061 116
4075 4079 116
4079 4084 116
2326 2305 116
2305 2314 116
3211 3134 116
3681 3683 116
3683 3929 116
2319 2321 116
840 838 116
2996 2915 116
3237 3235 116
823 1412 116
1412 1414 116
5836 5452 116
4734 4712 116
4991 4987 116
4810 4808 116
4808 4821 116
5216 5218 116
5218 5237 116
5067 5062 116
2625 2676 116
2172 2202 116
5405 5383 116
5383 5382 116
5456 5474 116
5457 5456 116
5228 5362 116
5723 5702 116
4911 4974 116
4974 4970 116
4970 4955 116
1825 1797 116
5306 5345 116
5458 5457 116
6216 6202 116
6202 6205 116
5847 5849 116
5933 5930 116
5930 5981 116
5803 5805 116
7274 7271 116
6012 6014 116
4833 4810 116
5895 5766 116
1370 1372 117
466 416 117
1189 1208 117
1297 1063 117
1142 1141 117
2284 2054 117
778 784 117
1485 1472 117
1853 1730 117
1556 1693 117
1588 1592 117
1622 1666 117
2559 2533 117
2639 2641 117
1973 1959 117
2239 2241 117
2384 2359 117
2720 2626 117
2124 2159 117
2159 2165 117
3606 3604 117
3604 3601 117
3507 3532 117
619 125 117
4061 4076 117
4084 4062 117
2314 2838 117
3134 3132 117
3132 3114 117
3929 3927 117
3927 3921 117
2321 2326 117
1515 1532 117
838 866 117
2915 2888 117
3235 3285 117
1414 1330 117
5436 5410 117
934 1580 117
2895 3004 117
2749 2751 117
4712 4711 117
4987 4989 117
4821 4860 117
5237 5220 117
5220 5222 117
5062 5064 117
5064 5069 117
5069 5071 117
2513 2504 117
2676 2747 117
2505 2235 117
1494 1475 117
2202 2188 117
2188 2177 117
5382 5370 117
5456 5478 117
5362 5337 117
5702 5580 117
4955 4992 117
4992 5250 117
1797 1814 117
1814 1813 117
5417 5432 117
5457 5456 117
6205 6207 117
6207 6209 117
5849 5828 117
5805 5827 117
5827 5810 117
7271 5991 117
6014 6016 117
6016 6018 117
6242 6268 117
6268 6200 117
6200 6226 117
4810 4808 117
5766 5764 117
1372 1368 118
416 438 118
1208 966 118
1141 1140 118
2054 2052 118
2052 2055 118
784 782 118
782 780 118
1472 1468 118
1468 1469 118
1730 1728 118
1693 1683 118
1683 1681 118
1592 1591 118
2533 2531 118
2641 2643 118
1959 1957 118
2241 2243 118
2359 2357 118
264 263 118
2165 2157 118
3073 3080 118
3601 3600 118
3600 3609 118
3532 3503 118
3503 3500 118
125 141 118
3799 3802 118
4081 4159 118
4076 4078 118
3137 3147 118
4062 4209 118
2838 2927 118
3114 3190 118
3921 3918 118
2326 2305 118
1532 1653 118
866 884 118
2888 2928 118
3285 3284 118
4711 4709 118
4989 4983 118
4983 4981 118
5222 5224 118
5071 5094 118
2504 1627 118
2747 2670 118
2235 2223 118
1475 1484 118
2177 2225 118
5370 5369 118
5337 5335 118
5335 5359 118
1813 1811 118
1811 1810 118
1445 861 118
5345 5343 118
5482 5469 118
5883 5884 118
6209 6218 118
6218 6156 118
5828 5834 118
5981 5998 118
5810 5498 118
6018 5997 118
5997 6020 118
6226 6198 118
4808 4838 118
5764 5762 118
21 280 118
1368 1364 119
1364 1362 119
438 414 119
414 378 119
1397 1396 119
966 1012 119
1063 1062 119
1062 1060 119
1140 1139 119
2055 2008 119
2008 2006 119
780 769 119
1469 1457 119
1457 1427 119
1427 1425 119
1728 1726 119
1681 1679 119
1591 1583 119
1666 1664 119
1664 1662 119
2531 2529 119
1957 264 119
2243 2245 119
2357 2348 119
263 269 119
2157 2266 119
3694 3692 119
3692 3690 119
3080 3078 119
3609 3598 119
3500 3525 119
3802 3808 119
4159 4074 119
4074 4161 119
4078 4067 119
3147 3167 119
3167 3157 119
4065 4063 119
4209 4208 119
4208 4212 119
2927 2890 119
3190 3181 119
4154 4151 119
3918 3916 119
2305 2838 119
884 868 119
2928 2926 119
2926 2306 119
3284 3389 119
1330 1349 119
5410 5087 119
1580 1650 119
5452 5488 119
3004 2340 119
6359 6357 119
4709 4705 119
4981 4979 119
4860 1392 119
53 380 119
5224 5226 119
5226 5228 119
5094 5108 119
2670 2679 119
2225 2220 119
2220 2222 119
5369 5339 119
5474 5468 119
5359 5315 119
5580 5578 119
5250 5254 119
5476 5468 119
1810 1793 119
5343 5342 119
31 285 119
5432 5413 119
5884 5882 119
6254 6188 119
763 751 119
6156 6154 119
5834 5803 119
5998 6004 119
6004 7270 119
5922 5924 119
5991 6021 119
6198 6153 119
4838 4848 119
6972 6974 119
6974 6976 119
6308 6307 119
5762 5768 119
5768 5767 119
7158 7147 119
7147 7140 119
1362 1366 120
378 382 120
1396 1358 120
1012 962 120
1060 1058 120
1139 1200 120
769 759 120
1425 1431 120
1726 1588 120
1679 1677 120
2529 2527 120
2245 2247 120
2247 2250 120
2348 2233 120
2233 2226 120
269 259 120
2266 2264 120
2264 2258 120
3690 3688 120
3688 3686 120
3078 3076 120
3598 3308 120
3525 3538 120
3808 3728 120
3728 3708 120
4161 4157 120
4067 4083 120
3157 3168 120
4063 4092 120
4092 4091 120
4212 4218 120
2890 2849 120
3181 3179 120
4151 4153 120
3916 3834 120
1653 919 120
868 864 120
1349 1104 120
77 592 120
4979 4795 120
1392 1390 120
5228 5362 120
5108 5092 120
5092 5111 120
2679 2464 120
2223 2352 120
1484 1490 120
2222 2513 120
5339 5315 120
5468 5462 120
5478 5471 120
5315 5332 120
5578 5576 120
5254 5295 120
5468 5462 120
1793 1790 120
861 873 120
5342 5333 120
5469 5470 120
5470 5520 120
5882 5880 120
5880 5889 120
6188 6211 120
6211 6185 120
751 760 120
760 671 120
6154 6170 120
5803 5805 120
7270 6027 120
5498 5509 120
5924 5923 120
6021 6019 120
6020 5992 120
5992 7272 120
6153 6120 120
4848 4846 120
7256 7249 120
7249 7246 120
6976 6978 120
6978 6980 120
6307 6904 120
5767 5760 120
7140 7136 120
7136 7189 120
1366 1260 121
1358 1393 121
962 960 121
1058 1054 121
1054 1056 121
2006 2012 121
759 757 121
1431 1423 121
1423 1421 121
1588 1592 121
1677 1685 121
1776 1863 121
1583 1612 121
1662 1660 121
2527 2525 121
2250 2228 121
2228 2198 121
2226 2178 121
259 287 121
287 290 121
2258 2256 121
3686 3682 121
3682 3680 121
3076 3074 121
3074 3036 121
3308 3434 121
3538 3439 121
3168 3125 121
4091 4088 121
4088 4086 121
4218 4220 121
2849 2892 121
3179 3177 121
4153 4146 121
4146 4106 121
4528 4530 121
2838 2927 121
864 922 121
2306 2325 121
3389 3386 121
1104 1094 121
1650 1785 121
2340 2339 121
6357 6356 121
4705 4703 121
4703 4741 121
1390 1337 121
5362 5326 121
5326 5328 121
5111 5016 121
5016 5009 121
1627 1611 121
1490 5304 121
5315 5332 121
5332 5317 121
5462 5460 121
5460 5536 121
5536 5525 121
2478 6082 121
5332 5317 121
5317 5349 121
5576 5574 121
5462 5467 121
1790 1788 121
873 774 121
5333 5330 121
5413 5420 121
5520 5534 121
5889 5878 121
6185 6202 121
6202 6205 121
6170 6166 121
6166 6164 121
5805 5827 121
6027 7268 121
5509 5500 121
5923 5919 121
6019 6017 121
6120 1534 121
4846 4803 121
4803 4744 121
7246 7243 121
7243 7239 121
6980 6982 121
6904 6906 121
6906 6908 121
5760 5776 121
5776 5833 121
280 272 121
7189 7187 121
