# UVT temporal graph (first 3 hours)
# city=grenoble
# T_max=117  total_nodes=892  total_temporal_edges=3292
# first10_window_end=12  last50_window_start=59
#
# SOURCE-TARGET-DEADLINE (4 combos):
# combo 1: source=444 target=343 deadline=8  (travel=4, dep_t=1, arr_t=4, hops=4)
# combo 2: source=444 target=1174 deadline=10  (travel=5, dep_t=1, arr_t=5, hops=5)
# combo 3: source=446 target=343 deadline=6  (travel=3, dep_t=2, arr_t=4, hops=3)
# combo 4: source=446 target=1174 deadline=8  (travel=4, dep_t=2, arr_t=5, hops=4)
#
# u v t
444 446 1
446 448 2
448 449 3
449 343 4
343 1174 5
1174 429 6
429 475 7
435 318 8
475 427 9
444 446 9
318 320 10
427 473 10
446 448 10
320 322 11
322 323 12
473 1188 12
448 449 12
444 446 13
446 448 14
323 1156 14
1188 1190 14
449 343 14
343 1174 15
448 449 16
1156 326 16
1190 470 16
441 345 17
326 1189 17
470 468 17
1174 1172 17
449 343 18
1172 1170 18
345 347 19
444 446 19
1189 328 19
468 1205 19
343 1174 20
347 349 20
446 448 20
1174 429 21
328 329 21
444 446 21
1170 1168 21
349 351 22
448 1197 22
1205 1207 22
446 448 22
1168 1166 22
429 475 23
351 434 23
444 446 23
434 353 24
1197 343 24
329 436 24
1207 1209 24
446 448 24
448 449 24
1166 340 24
475 427 25
436 331 25
444 446 25
340 431 25
444 446 25
427 473 26
353 355 26
343 1174 26
448 449 26
449 343 26
446 448 26
446 448 26
355 357 27
1174 429 27
331 437 27
1209 1211 27
431 1163 27
473 1188 28
357 358 28
1211 1213 28
449 343 28
343 1174 28
448 449 28
1163 329 28
448 449 28
429 475 29
437 1158 29
1174 429 29
444 446 30
1188 1190 30
1158 334 30
343 1174 30
449 343 30
329 436 30
449 343 30
446 448 31
435 318 31
475 427 31
1213 1215 31
1174 429 31
429 475 31
343 1174 31
1190 470 32
427 473 32
334 336 32
436 331 32
343 1174 32
448 449 33
470 468 33
318 320 33
1215 1217 33
429 475 33
475 427 33
1174 1172 33
1174 429 33
320 322 34
473 1188 34
336 338 34
427 473 34
1172 1170 34
331 437 34
449 343 35
468 1205 35
444 446 35
322 323 35
338 339 35
1217 1219 35
475 427 35
429 475 35
446 448 36
1188 1190 36
427 473 36
473 1188 36
437 1158 36
343 1174 37
323 1156 37
339 1161 37
1219 1221 37
1170 1168 37
1158 359 37
475 427 37
1174 429 38
1205 1207 38
448 1197 38
1190 470 38
1221 1223 38
473 1188 38
1188 1190 38
1168 1166 38
1175 356 38
427 473 38
1156 326 39
470 468 39
1161 438 39
1223 1225 39
356 354 39
359 442 39
429 475 40
1207 1209 40
1197 343 40
326 1189 40
1188 1190 40
1190 470 40
1166 340 40
354 352 40
442 1235 40
473 1188 40
444 446 41
468 466 41
1225 1227 41
470 468 41
340 431 41
352 433 41
475 427 42
446 448 42
343 1174 42
1189 328 42
1190 470 42
433 350 42
1188 1190 42
427 473 43
1209 1211 43
1174 429 43
466 464 43
470 468 43
468 1205 43
158 78 43
431 1163 43
350 348 43
1211 1213 44
448 449 44
328 329 44
464 462 44
1227 1229 44
78 809 44
1163 329 44
1235 1237 44
1190 470 44
473 1188 45
429 475 45
462 460 45
441 345 45
468 1205 45
809 973 45
348 346 45
470 468 45
449 343 46
1229 1231 46
1205 1207 46
973 975 46
329 436 46
1188 1190 47
1213 1215 47
343 1174 47
475 427 47
329 436 47
460 458 47
345 347 47
975 977 47
977 170 47
346 344 47
468 1205 47
427 473 48
436 331 48
236 239 48
347 349 48
1207 1209 48
170 567 48
436 331 48
344 435 48
1215 1217 49
1174 1172 49
1589 1118 49
1118 1085 49
458 456 49
239 32 49
68 523 49
1190 470 50
1172 1170 50
473 1188 50
331 437 50
32 82 50
349 351 50
567 47 50
331 437 50
435 318 50
523 40 50
470 468 51
1217 1219 51
456 1187 51
82 1591 51
351 434 51
1209 1211 51
47 814 51
40 38 51
1238 1236 52
1188 1190 52
437 1158 52
1187 452 52
1591 39 52
444 446 52
434 353 52
1211 1213 52
814 1443 52
437 1158 52
318 320 52
38 24 52
468 1205 53
1219 1221 53
1170 1168 53
1085 1075 53
1158 334 53
39 29 53
446 448 53
353 355 53
1443 569 53
1158 359 53
320 322 53
24 1407 53
1236 453 54
1221 1223 54
1168 1166 54
1075 1091 54
1091 575 54
29 1586 54
355 357 54
569 1442 54
322 323 54
1407 609 54
155 1604 54
1223 1225 55
1190 470 55
575 818 55
1206 1204 55
334 336 55
364 1162 55
448 1197 55
1213 1215 55
1442 1445 55
359 442 55
1205 1207 56
1166 340 56
470 468 56
818 576 56
1586 1098 56
1098 35 56
1232 1230 56
357 358 56
1445 576 56
442 1235 56
323 1156 56
609 611 56
1604 1606 56
1606 1127 56
453 360 57
1225 1227 57
340 431 57
1204 1202 57
336 338 57
1162 1160 57
1197 343 57
1215 1217 57
576 1129 57
611 1122 57
1122 605 57
1127 144 57
1207 1209 58
360 333 58
763 13 58
236 239 58
468 466 58
576 1129 58
1202 1200 58
338 339 58
35 1584 58
1230 1228 58
444 446 58
444 446 58
1129 230 58
1156 326 58
605 1038 58
144 850 58
1531 14 59
1227 1229 59
239 32 59
431 1163 59
1129 230 59
1160 1159 59
1584 846 59
343 1174 59
446 448 59
446 448 59
1217 1219 59
1235 1237 59
326 1189 59
1038 658 59
850 895 59
14 43 60
43 74 60
13 764 60
32 82 60
1163 329 60
466 464 60
230 1077 60
339 1161 60
441 345 60
846 1402 60
1228 1226 60
1174 429 60
230 1405 60
658 174 60
895 937 60
74 615 61
615 614 61
1209 1211 61
333 439 61
439 332 61
764 505 61
1229 1231 61
82 1591 61
464 462 61
1077 1130 61
1161 438 61
901 1603 61
1159 337 61
1402 844 61
448 449 61
448 449 61
1219 1221 61
1189 328 61
174 872 61
937 1387 61
1211 1213 62
505 225 62
1186 455 62
1591 39 62
329 436 62
435 318 62
462 460 62
1234 662 62
337 335 62
345 347 62
1226 1224 62
429 475 62
1221 1223 62
1405 1416 62
872 873 62
1387 935 62
614 622 63
332 440 63
225 553 63
553 506 63
455 457 63
39 29 63
1130 825 63
347 349 63
449 343 63
449 343 63
1223 1225 63
1416 1410 63
328 329 63
873 857 63
935 933 63
622 625 64
20 57 64
506 769 64
184 503 64
29 1586 64
793 796 64
436 331 64
1113 1112 64
716 717 64
150 71 64
318 320 64
460 458 64
674 675 64
825 594 64
662 41 64
335 333 64
217 1134 64
1224 1222 64
475 427 64
1589 1118 64
1118 1085 64
554 527 64
836 1078 64
1175 356 64
207 206 64
343 1174 64
1410 10 64
857 860 64
752 749 64
933 931 64
625 987 65
57 21 65
1213 1215 65
440 330 65
769 135 65
457 459 65
503 182 65
1206 1204 65
796 1101 65
1112 62 65
717 156 65
71 549 65
320 322 65
675 242 65
444 446 65
594 824 65
824 1131 65
41 665 65
349 351 65
1222 1220 65
427 473 65
527 48 65
1078 488 65
356 354 65
343 1174 65
1225 1227 65
860 875 65
749 948 65
21 826 66
330 1164 66
135 771 66
771 508 66
459 461 66
20 57 66
182 495 66
1586 1098 66
1098 35 66
1101 607 66
607 606 66
331 437 66
156 619 66
549 550 66
550 551 66
322 323 66
458 456 66
242 677 66
677 1044 66
446 448 66
1131 227 66
665 879 66
1603 978 66
333 439 66
351 434 66
1134 1135 66
1220 1218 66
48 833 66
833 894 66
488 490 66
354 352 66
206 1062 66
951 952 66
1174 1172 66
1174 429 66
10 687 66
329 436 66
1199 1201 66
875 877 66
948 746 66
931 146 66
146 929 66
987 988 67
988 140 67
826 138 67
1215 1217 67
508 510 67
57 21 67
495 686 67
1204 1202 67
62 1111 67
619 720 67
444 446 67
456 1187 67
227 1466 67
1466 991 67
879 880 67
880 881 67
439 332 67
434 353 67
1135 1136 67
1136 1153 67
473 1188 67
843 1403 67
490 491 67
352 433 67
952 953 67
1172 1170 67
1227 1229 67
436 331 67
877 878 67
746 946 67
140 850 68
138 969 68
1164 1165 68
510 511 68
461 463 68
21 826 68
686 647 68
1202 1200 68
35 1584 68
606 599 68
599 539 68
437 1158 68
1111 136 68
720 46 68
551 70 68
323 1156 68
446 448 68
1044 678 68
448 449 68
881 883 68
978 980 68
353 355 68
1153 780 68
1218 1216 68
1085 1075 68
894 967 68
967 966 68
1238 1236 68
491 492 68
433 350 68
1062 40 68
40 1098 68
953 955 68
429 475 68
1201 1203 68
878 313 68
946 744 68
929 928 68
850 851 69
1217 1219 69
1165 341 69
511 512 69
826 1107 69
647 54 69
54 52 69
1584 846 69
539 579 69
1158 359 69
136 1455 69
46 723 69
70 151 69
1187 452 69
678 680 69
680 548 69
991 846 69
883 884 69
884 886 69
980 98 69
332 440 69
355 357 69
780 1145 69
1188 1190 69
1075 1091 69
1091 575 69
1403 845 69
966 965 69
492 493 69
350 348 69
1098 35 69
955 957 69
1229 1231 69
331 437 69
1203 1205 69
744 1054 69
928 729 69
851 853 70
969 197 70
512 1124 70
1107 1108 70
52 45 70
846 1402 70
579 581 70
1455 1457 70
723 725 70
151 917 70
1156 326 70
448 1197 70
548 834 70
449 343 70
1145 212 70
1216 1214 70
575 818 70
845 1585 70
965 900 70
1236 453 70
493 495 70
957 848 70
1170 1168 70
475 427 70
313 868 70
1054 943 70
729 1083 70
853 855 71
197 692 71
1219 1221 71
341 1167 71
1124 662 71
463 465 71
1108 1105 71
45 487 71
487 486 71
1402 844 71
581 600 71
359 442 71
725 27 71
917 915 71
326 1189 71
834 1045 71
441 345 71
886 671 71
671 887 71
98 99 71
440 330 71
357 358 71
212 772 71
818 576 71
900 232 71
495 1154 71
348 346 71
35 613 71
1168 1166 71
427 473 71
437 1158 71
1205 1207 71
868 159 71
943 942 71
1083 924 71
855 753 72
1221 1223 72
444 446 72
662 603 72
465 467 72
1105 244 72
244 674 72
486 485 72
600 582 72
582 583 72
442 1235 72
1457 587 72
587 588 72
27 919 72
915 913 72
913 911 72
1197 343 72
1045 1127 72
343 1174 72
846 1402 72
887 142 72
772 219 72
1214 1212 72
1190 470 72
1585 36 72
36 34 72
232 962 72
1232 1230 72
1154 499 72
499 179 72
613 1069 72
848 164 72
1158 334 72
159 310 72
942 941 72
753 860 73
692 904 73
1223 1225 73
1167 1169 73
446 448 73
603 250 73
250 138 73
467 469 73
485 1386 73
583 590 73
919 905 73
911 909 73
1189 328 73
1127 144 73
1174 429 73
345 347 73
1402 938 73
142 888 73
99 146 73
330 1157 73
219 213 73
1531 14 73
470 468 73
576 1129 73
962 961 73
453 360 73
179 88 73
346 344 73
1069 616 73
164 870 73
1166 340 73
473 1188 73
1207 1209 73
310 1051 73
941 940 73
924 12 73
860 862 74
904 1050 74
674 675 74
1386 986 74
590 807 74
68 523 74
588 451 74
909 907 74
907 221 74
343 1174 74
144 850 74
347 349 74
938 685 74
146 95 74
364 1162 74
14 43 74
43 74 74
1129 230 74
34 1587 74
961 960 74
1230 1228 74
236 239 74
360 333 74
88 178 74
344 435 74
616 1025 74
870 316 74
340 431 74
334 336 74
901 1603 74
940 888 74
12 727 74
727 866 74
862 864 75
1050 689 75
1225 1227 75
1169 1171 75
448 449 75
138 969 75
469 471 75
675 242 75
986 1385 75
523 40 75
1235 1237 75
451 1021 75
905 922 75
922 906 75
221 203 75
328 329 75
1174 429 75
850 895 75
429 475 75
888 950 75
95 100 75
1157 1190 75
74 615 75
615 614 75
1212 1210 75
158 78 75
468 466 75
230 1077 75
1587 30 75
960 959 75
239 32 75
1025 615 75
615 614 75
1188 1190 75
1051 923 75
866 868 75
864 3 76
689 233 76
1199 1201 76
1171 1173 76
969 970 76
471 1189 76
242 947 76
947 229 76
807 591 76
40 38 76
1021 19 76
906 1152 76
203 869 76
444 446 76
895 937 76
349 351 76
685 534 76
950 889 76
100 101 76
1162 1160 76
213 381 76
1210 1208 76
78 809 76
1077 1130 76
30 31 76
959 221 76
1228 1226 76
32 82 76
435 318 76
614 622 76
316 177 76
431 1163 76
336 338 76
1209 1211 76
888 1152 76
868 159 76
3 866 77
1227 1229 77
449 343 77
970 971 77
1385 361 77
591 1137 77
38 24 77
19 939 77
446 448 77
429 475 77
475 427 77
351 434 77
534 235 77
889 141 77
101 102 77
1160 1159 77
381 1141 77
614 622 77
809 973 77
466 464 77
1186 455 77
31 1590 77
221 203 77
82 1591 77
333 439 77
439 332 77
622 625 77
625 1065 77
177 89 77
1163 329 77
338 339 77
1211 1213 77
923 921 77
159 310 77
843 1403 78
233 61 78
1201 1203 78
343 1174 78
1189 472 78
229 751 78
361 906 78
1137 809 78
24 1407 78
939 1022 78
1152 160 78
329 436 78
937 1403 78
427 473 78
434 353 78
235 1126 78
1190 327 78
622 625 78
973 975 78
464 462 78
455 457 78
1130 825 78
1590 81 78
1226 1224 78
1591 39 78
178 315 78
318 320 78
1065 1066 78
1190 470 78
921 920 78
920 724 78
1152 160 78
310 889 78
866 1396 79
61 899 79
1229 1231 79
1203 1205 79
1173 342 79
971 1239 79
751 1082 79
155 1604 79
836 1078 79
1241 889 79
906 1152 79
1407 609 79
951 952 79
674 675 79
1022 1114 79
1114 65 79
160 867 79
869 163 79
436 331 79
448 449 79
345 347 79
475 427 79
1403 845 79
353 355 79
1126 835 79
141 673 79
20 57 79
102 103 79
103 896 79
1159 337 79
327 325 79
1141 1087 79
625 987 79
1208 1206 79
975 977 79
977 170 79
462 460 79
825 594 79
81 33 79
33 240 79
444 446 79
203 153 79
39 29 79
332 440 79
315 869 79
320 322 79
329 436 79
470 468 79
1589 1118 79
1118 1085 79
150 71 79
339 1161 79
1603 978 79
160 867 79
889 740 79
1403 845 80
444 446 80
1174 1172 80
472 474 80
1082 1095 80
1078 488 80
889 1240 80
809 973 80
952 953 80
675 242 80
65 67 80
867 312 80
312 1036 80
347 349 80
427 473 80
845 992 80
473 1188 80
355 357 80
835 547 80
673 672 80
672 885 80
57 21 80
163 1397 80
337 335 80
325 324 80
1087 632 80
170 567 80
457 459 80
594 824 80
824 1131 80
240 238 80
446 448 80
752 749 80
1224 1222 80
29 1586 80
869 163 80
322 323 80
1066 1067 80
89 180 80
71 549 80
1161 438 80
1213 1215 80
724 722 80
867 865 80
845 1585 81
1396 164 81
899 688 81
444 446 81
1205 1207 81
446 448 81
342 450 81
1172 1170 81
1239 888 81
1095 1064 81
1604 1606 81
1606 1127 81
488 490 81
1152 223 81
973 975 81
609 611 81
953 955 81
242 677 81
677 1044 81
67 173 81
331 437 81
449 343 81
885 670 81
21 826 81
896 897 81
1175 356 81
632 58 81
987 988 81
988 140 81
1206 1204 81
460 458 81
459 461 81
1131 227 81
749 948 81
153 310 81
1222 1220 81
440 330 81
163 847 81
436 331 81
468 1205 81
549 550 81
550 551 81
978 980 81
722 721 81
865 726 81
740 741 81
688 683 82
446 448 82
450 454 82
474 428 82
1064 42 82
1127 144 82
490 491 82
975 977 82
611 1122 82
1122 605 82
955 957 82
173 1399 82
1036 876 82
349 351 82
473 1188 82
992 1467 82
1188 1190 82
357 358 82
547 894 82
670 882 82
826 138 82
897 898 82
335 333 82
324 1155 82
356 354 82
140 850 82
567 47 82
227 1466 82
1466 991 82
448 449 82
948 746 82
687 55 82
1220 1218 82
1586 1098 82
1098 35 82
330 1164 82
847 956 82
323 1156 82
1067 1068 82
180 317 82
980 98 82
1215 1217 82
721 719 82
726 11 82
741 742 82
1585 36 83
36 34 83
683 91 83
1207 1209 83
448 449 83
888 1241 83
144 850 83
491 492 83
1240 777 83
223 204 83
977 170 83
605 1038 83
957 848 83
1044 678 83
184 503 83
236 239 83
876 874 83
437 1158 83
343 1174 83
351 434 83
894 679 83
882 669 83
669 668 83
138 969 83
1397 865 83
898 900 83
164 870 83
1155 321 83
354 352 83
58 295 83
850 851 83
1204 1202 83
47 814 83
458 456 83
461 463 83
1238 1236 83
746 946 83
310 1051 83
55 1409 83
956 954 83
317 697 83
331 437 83
1085 1075 83
551 70 83
719 718 83
11 157 83
742 944 83
91 92 84
448 1197 84
207 206 84
454 447 84
1170 1168 84
428 426 84
42 53 84
850 895 84
492 493 84
170 190 84
1038 658 84
678 680 84
680 548 84
503 182 84
239 32 84
874 859 84
1158 334 84
1174 429 84
434 353 84
1188 1190 84
1467 228 84
228 1128 84
679 893 84
893 892 84
668 667 84
667 666 84
20 57 84
870 204 84
333 439 84
321 319 84
352 433 84
851 853 84
1202 1200 84
814 1443 84
456 1187 84
991 846 84
449 343 84
946 744 84
1218 1216 84
35 1584 84
1164 1165 84
954 755 84
1156 326 84
1068 1081 84
697 494 84
554 527 84
1075 1091 84
1091 575 84
70 151 84
98 99 84
1217 1219 84
718 18 84
157 728 84
944 945 84
34 1587 85
449 343 85
1168 1166 85
435 318 85
426 430 85
895 937 85
493 495 85
777 776 85
204 222 85
190 192 85
658 174 85
848 164 85
548 834 85
182 495 85
32 82 85
859 1102 85
353 355 85
1128 593 85
1190 470 85
666 664 85
57 21 85
969 197 85
1232 1230 85
865 4 85
900 232 85
439 332 85
319 441 85
433 350 85
853 855 85
1443 569 85
681 684 85
684 562 85
1236 453 85
744 1054 85
1051 362 85
1409 1415 85
1584 846 85
1165 341 85
755 754 85
326 1189 85
1081 750 85
494 696 85
437 1158 85
527 48 85
575 818 85
151 917 85
18 715 85
715 15 85
728 926 85
945 745 85
1587 30 86
92 93 86
1197 343 86
1209 1211 86
343 1174 86
206 1062 86
447 445 86
53 624 86
937 1387 86
495 1154 86
776 968 86
192 1133 86
174 872 86
164 870 86
834 1045 86
495 686 86
82 1591 86
1102 1037 86
334 336 86
429 475 86
355 357 86
593 50 86
470 468 86
892 241 86
241 676 86
664 663 86
21 826 86
197 692 86
4 863 86
232 902 86
350 348 86
855 753 86
569 1442 86
562 26 86
1187 452 86
463 465 86
343 1174 86
1054 943 86
362 1384 86
1415 1404 86
1216 1214 86
846 1402 86
754 982 86
750 748 86
696 695 86
1158 359 86
48 833 86
833 894 86
818 576 86
917 915 86
99 146 86
1219 1221 86
30 31 87
93 94 87
1211 1213 87
1166 340 87
318 320 87
430 342 87
624 623 87
1387 935 87
1154 499 87
499 179 87
968 1103 87
222 958 87
1133 193 87
872 873 87
870 316 87
1045 1127 87
686 647 87
1591 39 87
1037 659 87
1190 470 87
50 595 87
676 891 87
663 1233 87
826 1107 87
1230 1228 87
902 903 87
204 222 87
332 440 87
441 345 87
753 860 87
1442 1445 87
26 22 87
465 467 87
846 1402 87
1174 429 87
943 942 87
1404 231 87
1402 844 87
341 1167 87
1189 328 87
748 948 87
695 1052 87
1531 14 87
915 913 87
913 911 87
146 95 87
1221 1223 87
926 927 87
745 947 87
947 747 87
31 1590 88
94 147 88
343 1174 88
1174 1172 88
1062 40 88
40 1098 88
445 444 88
340 431 88
320 322 88
623 621 88
621 618 88
935 933 88
179 88 88
1103 251 88
958 756 88
1234 662 88
193 1077 88
873 857 88
1127 144 88
647 54 88
54 52 88
39 29 88
659 1125 88
336 338 88
475 427 88
357 358 88
470 468 88
595 479 88
468 1205 88
1107 1108 88
692 904 88
863 861 88
222 908 88
348 346 88
860 862 88
1445 576 88
22 1517 88
467 469 88
1402 938 88
453 360 88
942 941 88
1384 985 88
1214 1212 88
444 446 88
1167 1169 88
948 746 88
1052 1096 88
1096 837 88
359 442 88
14 43 88
43 74 88
894 967 88
967 966 88
576 1129 88
911 909 88
95 100 88
1223 1225 88
927 930 88
1590 81 89
1174 429 89
1172 1170 89
435 318 89
1098 35 89
322 323 89
342 450 89
618 1060 89
933 931 89
88 178 89
1077 1130 89
857 860 89
316 177 89
144 850 89
52 45 89
29 1586 89
1125 871 89
338 339 89
427 473 89
479 1076 89
444 446 89
901 1603 89
1108 1105 89
904 1050 89
1228 1226 89
861 859 89
716 717 89
903 690 89
1206 1204 89
908 910 89
910 912 89
440 330 89
345 347 89
862 864 89
576 1129 89
1517 609 89
938 685 89
360 333 89
429 475 89
941 940 89
231 480 89
446 448 89
328 329 89
746 241 89
241 676 89
837 836 89
442 1235 89
74 615 89
615 614 89
966 965 89
1129 230 89
909 907 89
907 221 89
1398 198 89
100 101 89
930 147 89
747 949 89
949 1033 89
81 33 90
33 240 90
147 90 90
1213 1215 90
843 1403 90
431 1163 90
1060 620 90
251 773 90
773 663 90
756 757 90
662 41 90
860 875 90
177 89 90
850 895 90
45 487 90
487 486 90
871 1034 90
468 466 90
1076 231 90
446 448 90
1105 244 90
244 674 90
1050 689 90
717 156 90
690 691 90
912 914 90
347 349 90
346 344 90
864 3 90
1129 230 90
469 471 90
940 888 90
985 154 90
1169 1171 90
676 891 90
965 900 90
230 1077 90
221 203 90
101 102 90
1225 1227 90
147 90 90
240 238 91
90 96 91
429 475 91
318 320 91
35 613 91
1163 329 91
323 1156 91
620 1061 91
931 146 91
146 929 91
663 143 91
757 233 91
1175 356 91
41 665 91
875 877 91
895 937 91
486 485 91
1586 1098 91
1098 35 91
1034 610 91
339 1161 91
473 1188 91
231 480 91
1205 1207 91
689 233 91
1226 1224 91
236 239 91
859 858 91
156 619 91
691 196 91
1204 1202 91
914 916 91
916 918 91
330 1157 91
344 435 91
3 866 91
471 1189 91
685 534 91
609 612 91
475 477 91
154 700 91
480 786 91
1212 1210 91
448 449 91
1171 1173 91
891 243 91
364 1162 91
614 622 91
900 232 91
1077 1130 91
203 869 91
90 932 91
932 934 91
96 97 92
1215 1217 92
1403 845 92
1170 1168 92
320 322 92
613 1069 92
766 1056 92
450 454 92
1061 617 92
143 513 92
233 963 92
356 354 92
665 879 92
877 878 92
485 1386 92
610 1123 92
1123 56 92
1161 438 92
466 464 92
448 449 92
674 675 92
239 32 92
858 856 92
1199 1201 92
619 720 92
1202 1200 92
918 152 92
349 351 92
230 1405 92
534 235 92
333 439 92
439 332 92
612 1516 92
477 1193 92
888 1152 92
700 699 92
786 1446 92
1210 1208 92
329 436 92
243 890 92
1235 1237 92
622 625 92
232 962 92
444 446 92
198 148 92
102 103 92
103 896 92
1227 1229 92
934 936 92
97 981 93
475 427 93
845 1585 93
1168 1166 93
322 323 93
1069 616 93
329 436 93
1156 326 93
1056 505 93
929 928 93
178 315 93
513 661 93
661 1032 93
963 964 93
354 352 93
879 880 93
880 881 93
878 313 93
89 180 93
937 1403 93
1386 986 93
35 1584 93
56 612 93
1188 1190 93
464 462 93
480 786 93
1207 1209 93
675 242 93
233 61 93
1224 1222 93
32 82 93
856 854 93
720 46 93
196 968 93
152 69 93
1157 1190 93
351 434 93
435 318 93
866 1396 93
1189 472 93
235 1126 93
699 698 93
1446 195 93
449 343 93
436 331 93
890 1109 93
1162 1160 93
625 987 93
962 961 93
1130 825 93
446 448 93
1186 455 93
148 66 93
66 64 93
936 1388 93
427 473 94
1217 1219 94
155 1604 94
217 1134 94
444 446 94
1119 106 94
616 1025 94
326 1189 94
505 225 94
617 36 94
928 729 94
444 446 94
315 869 94
20 57 94
1032 509 94
964 758 94
352 433 94
881 883 94
1403 845 94
986 1385 94
1584 846 94
612 1408 94
462 460 94
786 570 94
1589 1118 94
1118 1085 94
449 343 94
1603 978 94
242 947 94
947 229 94
61 899 94
1222 1220 94
150 71 94
82 1591 94
854 852 94
1201 1203 94
46 723 94
968 775 94
69 25 94
434 353 94
1405 1416 94
1113 1112 94
1126 835 94
332 440 94
1193 1195 94
1152 160 94
698 51 94
51 1099 94
195 817 94
343 1174 94
1173 342 94
1109 775 94
1160 1159 94
951 952 94
793 796 94
1137 809 94
961 960 94
825 594 94
236 37 94
37 1086 94
869 163 94
455 457 94
1406 1447 94
896 897 94
1229 1231 94
1388 938 94
674 675 94
981 979 95
1585 36 95
36 34 95
163 1397 95
1166 340 95
323 1156 95
446 448 95
106 108 95
108 110 95
1025 615 95
615 614 95
436 331 95
225 553 95
553 506 95
36 626 95
729 1083 95
446 448 95
869 163 95
57 21 95
509 507 95
758 759 95
759 28 95
433 350 95
883 884 95
884 886 95
313 868 95
180 317 95
845 992 95
846 1402 95
570 574 95
1220 1218 95
71 549 95
1591 39 95
852 534 95
1203 1205 95
723 725 95
25 703 95
353 355 95
318 320 95
1396 164 95
1416 1410 95
1112 62 95
472 474 95
1516 23 95
160 867 95
1099 1018 95
1018 643 95
817 1444 95
1208 1206 95
331 437 95
775 827 95
952 953 95
796 1101 95
987 988 95
988 140 95
960 959 95
594 824 95
824 1131 95
448 1197 95
64 1115 95
1115 738 95
897 898 95
675 242 95
979 1376 96
473 1188 96
1219 1221 96
1604 1606 96
1606 1127 96
340 431 96
1134 1135 96
110 112 96
614 622 96
1189 328 96
506 769 96
1083 924 96
163 847 96
21 826 96
507 134 96
134 770 96
28 760 96
350 348 96
868 159 96
317 697 96
1385 361 96
1232 1230 96
1402 844 96
1408 60 96
1190 470 96
460 458 96
574 1090 96
1209 1211 96
343 1174 96
978 980 96
229 751 96
899 688 96
549 550 96
550 551 96
39 29 96
534 139 96
725 27 96
775 827 96
1190 327 96
355 357 96
320 322 96
1410 10 96
835 547 96
440 330 96
23 682 96
1195 1198 96
867 865 96
836 1078 96
643 660 96
1444 813 96
1174 1172 96
342 450 96
827 828 96
1159 337 96
953 955 96
1101 607 96
607 606 96
809 973 96
140 850 96
959 221 96
1131 227 96
1086 631 96
752 749 96
457 459 96
1447 1132 96
738 737 96
898 900 96
938 685 96
242 677 96
677 1044 96
68 523 97
1221 1223 97
1127 144 97
34 1587 97
1156 326 97
1135 1136 97
1136 1153 97
448 449 97
112 114 97
622 625 97
625 1065 97
331 437 97
769 135 97
626 608 97
345 347 97
448 449 97
847 956 97
826 138 97
1175 356 97
770 768 97
760 761 97
761 762 97
886 671 97
671 887 97
159 310 97
697 494 97
992 1467 97
361 906 97
60 626 97
470 468 97
1090 1088 97
1211 1213 97
1174 429 97
980 98 97
751 1082 97
688 683 97
1218 1216 97
29 1586 97
1205 1207 97
27 919 97
827 828 97
828 830 97
703 704 97
327 325 97
322 323 97
62 1111 97
474 428 97
547 894 97
330 1164 97
682 1035 97
865 726 97
1078 488 97
660 183 97
813 812 97
164 870 97
1206 1204 97
1172 1170 97
450 454 97
437 1158 97
828 830 97
337 335 97
955 957 97
973 975 97
850 851 97
221 203 97
227 1466 97
1466 991 97
1197 343 97
631 1140 97
749 948 97
459 461 97
1132 191 97
737 1020 97
685 534 97
435 318 98
1188 1190 98
523 40 98
1223 1225 98
1587 30 98
1397 865 98
431 1163 98
326 1189 98
1153 780 98
114 116 98
1065 1066 98
328 329 98
135 771 98
771 508 98
608 644 98
347 349 98
924 12 98
956 954 98
138 969 98
356 354 98
768 767 98
762 554 98
348 346 98
887 142 98
310 1051 98
494 696 98
906 1152 98
1230 1228 98
626 608 98
458 456 98
1088 1084 98
1085 1075 98
1082 1095 98
683 91 98
551 70 98
139 990 98
919 905 98
830 1026 98
704 72 98
325 324 98
357 358 98
10 687 98
1111 136 98
894 679 98
1035 681 98
726 11 98
488 490 98
183 181 98
812 811 98
811 171 98
870 204 98
1158 334 98
830 1026 98
957 848 98
606 599 98
599 539 98
975 977 98
851 853 98
1140 415 98
415 414 98
948 746 98
191 189 98
1020 736 98
736 735 98
900 232 98
534 145 98
1044 678 98
1241 889 99
1376 901 99
40 38 99
144 850 99
30 31 99
1163 329 99
780 1145 99
449 343 99
116 1389 99
1389 1150 99
437 1158 99
508 510 99
644 205 99
12 727 99
727 866 99
449 343 99
954 755 99
354 352 99
767 226 99
226 1104 99
142 888 99
696 695 99
1467 228 99
228 1128 99
608 627 99
468 1205 99
456 1187 99
1084 1117 99
1075 1091 99
1091 575 99
429 475 99
98 99 99
1095 1064 99
91 92 99
1216 1214 99
70 151 99
1586 1098 99
1098 35 99
990 989 99
1207 1209 99
72 149 99
323 1156 99
843 1403 99
136 1455 99
428 426 99
679 893 99
1164 1165 99
11 157 99
490 491 99
1204 1202 99
454 447 99
335 333 99
539 579 99
977 170 99
853 855 99
203 153 99
991 846 99
343 1174 99
746 946 99
461 463 99
184 503 99
189 171 99
735 734 99
232 902 99
145 1126 99
678 680 99
680 548 99
889 1240 100
318 320 100
38 24 100
1225 1227 100
850 895 100
31 1590 100
865 4 100
1189 328 100
1145 212 100
1150 117 100
117 119 100
1066 1067 100
1158 359 100
510 511 100
1238 1236 100
205 207 100
349 351 100
866 868 100
343 1174 100
755 754 100
969 197 100
352 433 100
1104 765 100
346 344 100
1051 923 100
695 1052 100
1128 593 100
1152 223 100
1228 1226 100
627 628 100
628 68 100
1213 1215 100
575 818 100
1064 42 100
151 917 100
989 624 100
905 922 100
922 906 100
324 1155 100
1455 1457 100
426 430 100
893 892 100
1165 341 100
157 728 100
491 492 100
181 832 100
171 976 100
1202 1200 100
1170 1168 100
334 336 100
1531 14 100
848 164 100
579 581 100
170 190 100
855 753 100
1174 429 100
414 214 100
214 218 100
946 744 100
503 182 100
734 1055 100
902 903 100
444 446 100
548 834 100
320 322 101
1190 470 101
24 1407 101
895 937 101
1590 81 101
4 863 101
329 436 101
212 772 101
343 1174 101
329 436 101
511 512 101
351 434 101
868 159 101
754 982 101
197 692 101
433 350 101
765 1094 101
344 435 101
888 950 101
1052 1096 101
1096 837 101
593 50 101
1187 452 101
818 576 101
475 477 101
99 146 101
92 93 101
1214 1212 101
917 915 101
35 1584 101
906 1152 101
1155 321 101
1156 326 101
1403 845 101
728 926 101
492 493 101
832 1079 101
976 974 101
204 222 101
1168 1166 101
447 445 101
333 439 101
14 43 101
43 74 101
164 870 101
581 600 101
190 192 101
753 860 101
153 310 101
744 1054 101
182 495 101
171 976 101
1055 1456 101
446 448 101
1126 1607 101
834 1045 101
322 323 102
470 468 102
1407 609 102
1227 1229 102
937 1387 102
81 33 102
33 240 102
328 329 102
772 219 102
1174 429 102
119 199 102
1067 1068 102
359 442 102
436 331 102
512 1124 102
1236 453 102
434 353 102
159 310 102
1174 1172 102
350 348 102
1094 763 102
923 921 102
837 836 102
50 595 102
223 204 102
207 206 102
1226 1224 102
1205 1207 102
1215 1217 102
477 1193 102
146 95 102
42 53 102
93 94 102
915 913 102
913 911 102
1584 846 102
624 623 102
1209 1211 102
321 319 102
326 1189 102
845 1585 102
1457 587 102
587 588 102
430 342 102
892 241 102
241 676 102
341 1167 102
493 495 102
974 810 102
222 908 102
336 338 102
439 332 102
74 615 102
615 614 102
870 316 102
600 582 102
582 583 102
192 1133 102
860 862 102
846 1402 102
429 475 102
1054 943 102
463 465 102
495 686 102
950 889 102
976 974 102
974 810 102
1456 1454 102
1454 137 102
903 690 102
1607 1605 102
1045 1127 102
1240 777 103
1387 935 103
240 238 103
863 861 103
436 331 103
219 213 103
199 121 103
121 123 103
442 1235 103
1124 662 103
353 355 103
310 889 103
1172 1170 103
692 904 103
435 318 103
921 920 103
920 724 103
595 479 103
345 347 103
1117 1588 103
576 1129 103
95 100 103
94 147 103
911 909 103
846 1402 103
623 621 103
1211 1213 103
1152 160 103
319 441 103
676 891 103
1167 1169 103
1199 1201 103
926 927 103
495 1154 103
810 972 103
908 910 103
910 912 103
1166 340 103
445 444 103
338 339 103
583 590 103
1133 193 103
310 1051 103
1402 938 103
218 774 103
943 942 103
465 467 103
686 647 103
889 141 103
810 972 103
137 1110 103
690 691 103
448 449 103
1605 151 103
1127 144 103
323 1156 104
468 466 104
609 611 104
1229 1231 104
935 933 104
861 859 104
429 475 104
123 1149 104
1068 1081 104
331 437 104
662 603 104
355 357 104
889 740 104
904 1050 104
348 346 104
479 1076 104
204 222 104
206 1062 104
1224 1222 104
347 349 104
1207 1209 104
1217 1219 104
1129 230 104
1193 1195 104
100 101 104
53 624 104
1212 1210 104
909 907 104
907 221 104
1402 844 104
621 618 104
160 867 104
1189 328 104
1585 36 104
36 34 104
588 451 104
342 450 104
901 1603 104
927 930 104
1154 499 104
499 179 104
972 76 104
1198 1194 104
912 914 104
340 431 104
332 440 104
614 622 104
316 177 104
590 807 104
193 1077 104
862 864 104
364 1162 104
475 427 104
774 215 104
215 270 104
942 941 104
467 469 104
647 54 104
54 52 104
972 481 104
236 239 104
1110 649 104
691 196 104
777 776 105
611 1122 105
1122 605 105
933 931 105
331 437 105
329 436 105
1081 750 105
687 55 105
603 250 105
250 138 105
453 360 105
1050 689 105
318 320 105
724 722 105
444 446 105
1076 231 105
1222 1220 105
230 1077 105
101 102 105
624 623 105
147 90 105
1210 1208 105
221 203 105
618 75 105
554 527 105
867 312 105
312 1036 105
441 345 105
451 1021 105
158 78 105
1169 1171 105
1201 1203 105
930 147 105
179 88 105
76 77 105
1194 478 105
914 916 105
916 918 105
339 1161 105
622 625 105
177 89 105
1077 1130 105
864 3 105
1051 362 105
938 685 105
427 473 105
270 781 105
941 940 105
52 45 105
141 673 105
481 808 105
239 32 105
449 343 105
144 850 105
776 968 106
1156 326 106
466 464 106
605 1038 106
859 858 106
436 331 106
213 381 106
475 427 106
1149 291 106
750 748 106
1235 1237 106
55 1409 106
437 1158 106
360 333 106
357 358 106
740 741 106
1170 1168 106
689 233 106
346 344 106
320 322 106
722 721 106
446 448 106
231 480 106
222 958 106
1062 40 106
40 1098 106
1220 1218 106
349 351 106
1219 1221 106
1077 1130 106
1195 1198 106
20 57 106
623 621 106
621 618 106
90 96 106
203 869 106
75 44 106
527 48 106
1213 1215 106
328 329 106
444 446 106
34 1587 106
1021 19 106
450 454 106
78 809 106
1171 1173 106
1203 1205 106
147 90 106
88 178 106
478 476 106
918 152 106
431 1163 106
1161 438 106
440 330 106
625 987 106
807 591 106
3 866 106
1162 1160 106
362 1384 106
781 311 106
469 471 106
45 487 106
487 486 106
673 672 106
672 885 106
1406 1447 106
1175 356 106
808 806 106
32 82 106
649 63 106
196 968 106
343 1174 106
850 895 106
968 1103 107
326 1189 107
464 462 107
1038 658 107
931 146 107
146 929 107
858 856 107
437 1158 107
381 1141 107
427 473 107
291 289 107
748 948 107
1158 334 107
138 969 107
843 1403 107
741 742 107
1168 1166 107
344 435 107
322 323 107
721 719 107
958 756 107
1098 35 107
351 434 107
1232 1230 107
1209 1211 107
1221 1223 107
57 21 107
102 103 107
103 896 107
618 1060 107
96 97 107
44 648 107
48 833 107
833 894 107
1036 876 107
345 347 107
446 448 107
1587 30 107
19 939 107
809 973 107
1197 343 107
90 932 107
932 934 107
152 69 107
1163 329 107
591 1137 107
1160 1159 107
685 534 107
473 1188 107
311 248 107
940 888 107
471 1189 107
486 485 107
885 670 107
356 354 107
806 805 107
82 1591 107
968 775 107
895 937 107
1103 251 108
462 460 108
658 174 108
856 854 108
1158 359 108
331 437 108
289 296 108
948 746 108
1409 1415 108
969 970 108
742 944 108
233 61 108
719 718 108
448 449 108
480 786 108
1218 1216 108
434 353 108
1211 1213 108
1223 1225 108
1130 825 108
21 826 108
1060 620 108
97 981 108
1208 1206 108
648 1530 108
1215 1217 108
876 874 108
347 349 108
30 31 108
939 1022 108
973 975 108
1205 1207 108
1186 455 108
934 936 108
476 426 108
69 25 108
330 1157 108
987 988 108
89 180 108
1137 809 108
866 1396 108
1384 985 108
534 235 108
248 249 108
485 1386 108
670 882 108
1447 1132 108
354 352 108
1591 39 108
63 1113 108
155 1604 108
1174 1172 108
1189 328 109
174 872 109
929 928 109
854 852 109
1141 1087 109
473 1188 109
296 298 109
746 241 109
241 676 109
1415 1404 109
334 336 109
970 971 109
333 439 109
439 332 109
716 717 109
1403 845 109
944 945 109
1166 340 109
61 899 109
435 318 109
323 1156 109
718 18 109
20 57 109
786 570 109
756 757 109
35 613 109
353 355 109
1230 1228 109
150 71 109
825 594 109
826 1107 109
896 897 109
620 1061 109
869 163 109
894 967 109
967 966 109
874 859 109
329 436 109
444 446 109
448 449 109
951 952 109
31 1590 109
1022 1114 109
1114 65 109
975 977 109
977 170 109
1173 342 109
1248 312 109
343 1174 109
1603 978 109
455 457 109
936 1388 109
1199 1201 109
25 703 109
329 436 109
988 140 109
1159 337 109
235 1126 109
1188 1190 109
249 220 109
888 1152 109
1189 472 109
1386 986 109
882 669 109
669 668 109
1132 191 109
352 433 109
805 804 109
39 29 109
775 827 109
1398 198 109
1172 1170 109
937 1403 109
251 773 110
460 458 110
872 873 110
928 729 110
852 534 110
359 442 110
345 347 110
437 1158 110
1087 632 110
298 300 110
676 891 110
1404 231 110
717 156 110
845 1585 110
945 745 110
340 431 110
18 715 110
715 15 110
57 21 110
449 343 110
570 574 110
757 233 110
613 1069 110
1216 1214 110
355 357 110
71 549 110
1225 1227 110
594 824 110
897 898 110
1061 617 110
981 979 110
1206 1204 110
966 965 110
836 1078 110
1217 1219 110
859 1102 110
1589 1118 110
1118 1085 110
349 351 110
436 331 110
446 448 110
952 953 110
1590 81 110
65 67 110
170 567 110
1174 429 110
1207 1209 110
1388 938 110
178 315 110
426 1196 110
1157 1190 110
140 850 110
180 317 110
809 973 110
1396 164 110
337 335 110
985 154 110
1126 835 110
220 211 110
163 1397 110
986 1385 110
668 667 110
667 666 110
191 189 110
433 350 110
674 675 110
804 803 110
29 1586 110
752 749 110
1604 1606 110
1606 1127 110
827 828 110
828 830 110
773 663 111
328 329 111
873 857 111
729 1083 111
534 139 111
442 1235 111
347 349 111
1158 334 111
632 58 111
1188 1190 111
891 243 111
336 338 111
971 1239 111
332 440 111
156 619 111
899 688 111
318 320 111
1156 326 111
21 826 111
343 1174 111
233 963 111
1069 616 111
1228 1226 111
1213 1215 111
549 550 111
550 551 111
824 1131 111
1107 1108 111
898 900 111
979 1376 111
965 900 111
1078 488 111
1102 1037 111
351 434 111
449 343 111
953 955 111
67 173 111
342 450 111
978 980 111
457 459 111
1201 1203 111
315 869 111
703 704 111
436 331 111
850 851 111
317 697 111
973 975 111
154 700 111
1152 160 111
472 474 111
666 664 111
189 171 111
350 348 111
675 242 111
803 802 111
802 801 111
749 948 111
1127 144 111
830 1026 111
1403 845 111
663 143 112
458 456 112
857 860 112
1083 924 112
444 446 112
300 629 112
243 890 112
231 480 112
338 339 112
619 720 112
1585 36 112
36 34 112
745 947 112
947 747 112
431 1163 112
688 683 112
320 322 112
326 1189 112
826 138 112
574 1090 112
963 964 112
616 1025 112
1214 1212 112
357 358 112
1227 1229 112
1131 227 112
1108 1105 112
617 36 112
1204 1202 112
900 232 112
488 490 112
1219 1221 112
1037 659 112
434 353 112
331 437 112
448 449 112
1234 662 112
955 957 112
81 33 112
33 240 112
173 1399 112
567 47 112
450 454 112
312 994 112
429 475 112
980 98 112
459 461 112
938 685 112
1203 1205 112
869 163 112
704 72 112
851 853 112
697 494 112
975 977 112
335 333 112
700 699 112
835 547 112
1190 470 112
160 867 112
1385 361 112
664 663 112
242 677 112
677 1044 112
801 800 112
164 870 112
1586 1098 112
1098 35 112
948 746 112
198 148 112
1170 1168 112
845 992 112
143 513 113
456 1187 113
860 875 113
139 990 113
349 351 113
334 336 113
446 448 113
58 295 113
629 236 113
890 1109 113
1239 888 113
440 330 113
720 46 113
1163 329 113
683 91 113
322 323 113
138 969 113
1174 1172 113
1090 1088 113
964 758 113
1025 615 113
615 614 113
1226 1224 113
1215 1217 113
551 70 113
444 446 113
227 1466 113
1466 991 113
1105 244 113
244 674 113
900 232 113
36 626 113
1202 1200 113
232 962 113
490 491 113
1221 1223 113
659 1125 113
353 355 113
343 1174 113
957 848 113
240 238 113
47 814 113
1209 1211 113
685 534 113
163 847 113
72 149 113
331 437 113
1190 327 113
853 855 113
494 696 113
977 170 113
699 698 113
547 894 113
470 468 113
867 865 113
1397 865 113
474 428 113
361 906 113
663 1233 113
171 976 113
348 346 113
800 799 113
870 204 113
746 946 113
144 850 113
148 66 113
66 64 113
1168 1166 113
513 661 114
661 1032 114
329 436 114
875 877 114
924 12 114
990 989 114
1235 1237 114
351 434 114
1190 470 114
236 37 114
37 846 114
1109 775 114
480 786 114
339 1161 114
330 1164 114
46 723 114
34 1587 114
747 949 114
949 1033 114
91 92 114
1189 328 114
1238 1236 114
1172 1170 114
1088 1084 114
758 759 114
759 28 114
614 622 114
70 151 114
446 448 114
1229 1231 114
1175 356 114
1113 1112 114
232 902 114
1376 901 114
962 961 114
491 492 114
345 347 114
1223 1225 114
1125 871 114
1085 1075 114
355 357 114
437 1158 114
449 343 114
662 41 114
1174 429 114
814 1443 114
454 447 114
475 427 114
1211 1213 114
98 99 114
461 463 114
534 145 114
1205 1207 114
847 956 114
327 325 114
855 753 114
696 695 114
170 190 114
333 439 114
698 51 114
51 1099 114
894 679 114
865 726 114
906 1152 114
976 974 114
974 810 114
236 239 114
1044 678 114
799 798 114
1197 343 114
35 1584 114
1531 14 114
435 318 114
946 744 114
850 895 114
992 1467 114
364 1162 115
1032 509 115
436 331 115
1187 452 115
877 878 115
12 727 115
727 866 115
989 624 115
434 353 115
336 338 115
448 449 115
470 468 115
775 827 115
786 1446 115
1161 438 115
888 1241 115
723 725 115
1587 30 115
329 436 115
323 1156 115
207 206 115
969 197 115
1084 1117 115
28 760 115
622 625 115
625 1065 115
1212 1210 115
1224 1222 115
1217 1219 115
151 917 115
444 446 115
356 354 115
991 846 115
1112 62 115
674 675 115
902 903 115
626 608 115
961 960 115
492 493 115
347 349 115
871 1034 115
1075 1091 115
1091 575 115
1158 334 115
343 1174 115
41 665 115
848 164 115
1443 569 115
427 473 115
145 1126 115
956 954 115
184 503 115
68 523 115
437 1158 115
325 324 115
753 860 115
695 1052 115
190 192 115
439 332 115
1099 1018 115
1018 643 115
679 893 115
468 466 115
726 11 115
865 4 115
428 426 115
810 972 115
239 32 115
346 344 115
678 680 115
680 548 115
798 797 115
797 1097 115
1584 846 115
14 43 115
43 74 115
744 1054 115
895 937 115
64 1115 115
1115 738 115
1166 340 115
1198 1194 116
509 507 116
878 313 116
866 868 116
353 355 116
338 339 116
827 828 116
1446 195 116
1164 1165 116
725 27 116
30 31 116
92 93 116
328 329 116
197 692 116
1236 453 116
760 761 116
761 762 116
1065 1066 116
1210 1208 116
1222 1220 116
917 915 116
446 448 116
448 1197 116
354 352 116
675 242 116
763 13 116
608 644 116
960 959 116
493 495 116
1225 1227 116
1034 610 116
575 818 116
357 358 116
665 879 116
429 475 116
164 870 116
569 1442 116
447 445 116
994 1395 116
99 146 116
1207 1209 116
954 755 116
554 527 116
503 182 116
523 40 116
1158 359 116
860 862 116
1052 1096 116
1096 837 116
192 1133 116
643 660 116
893 892 116
11 157 116
4 863 116
426 430 116
1152 223 116
972 481 116
32 82 116
344 435 116
548 834 116
343 1174 116
204 222 116
846 1402 116
74 615 116
615 614 116
318 320 116
1054 943 116
937 1387 116
738 737 116
340 431 116
1196 475 116
1232 1230 116
1467 228 116
228 1128 116
1194 478 117
1162 1160 117
507 134 117
134 770 117
331 437 117
868 159 117
624 623 117
355 357 117
449 343 117
468 1205 117
828 830 117
195 817 117
1165 341 117
27 919 117
31 1590 117
436 331 117
444 446 117
93 94 117
1156 326 117
206 1062 117
1170 1168 117
762 554 117
1220 1218 117
1219 1221 117
915 913 117
913 911 117
352 433 117
62 1111 117
242 947 117
947 229 117
903 690 117
644 205 117
959 221 117
495 1154 117
349 351 117
610 1123 117
1123 56 117
334 336 117
1174 1172 117
879 880 117
880 881 117
870 316 117
1442 1445 117
473 1188 117
1213 1215 117
146 95 117
463 465 117
1126 1607 117
755 754 117
527 48 117
182 495 117
40 38 117
324 1155 117
837 836 117
1133 193 117
332 440 117
660 183 117
466 464 117
157 728 117
82 1591 117
834 1045 117
1097 1100 117
1100 795 117
444 446 117
1174 429 117
222 908 117
1402 844 117
320 322 117
943 942 117
1387 935 117
737 1020 117
1128 593 117
