# UVT temporal graph (first 2 hours)
# city=venice
# T_max=118  total_nodes=457  total_temporal_edges=1111
# first10_window_end=12  last50_window_start=60
#
# SOURCE-TARGET-DEADLINE (16 combos):
# combo 1: source=32 target=1090 deadline=118  (NO_PATH -> deadline=T)
# combo 2: source=32 target=15 deadline=118  (NO_PATH -> deadline=T)
# combo 3: source=32 target=221 deadline=118  (NO_PATH -> deadline=T)
# combo 4: source=32 target=296 deadline=118  (NO_PATH -> deadline=T)
# combo 5: source=58 target=1090 deadline=118  (NO_PATH -> deadline=T)
# combo 6: source=58 target=15 deadline=118  (NO_PATH -> deadline=T)
# combo 7: source=58 target=221 deadline=118  (NO_PATH -> deadline=T)
# combo 8: source=58 target=296 deadline=118  (NO_PATH -> deadline=T)
# combo 9: source=59 target=1090 deadline=118  (NO_PATH -> deadline=T)
# combo 10: source=59 target=15 deadline=118  (NO_PATH -> deadline=T)
# combo 11: source=59 target=221 deadline=118  (NO_PATH -> deadline=T)
# combo 12: source=59 target=296 deadline=118  (NO_PATH -> deadline=T)
# combo 13: source=119 target=1090 deadline=118  (NO_PATH -> deadline=T)
# combo 14: source=119 target=15 deadline=118  (travel=61, dep_t=5, arr_t=65, hops=4)
# combo 15: source=119 target=221 deadline=118  (NO_PATH -> deadline=T)
# combo 16: source=119 target=296 deadline=118  (NO_PATH -> deadline=T)
#
# u v t
58 59 1
1558 1841 2
1841 1840 3
130 131 4
119 120 5
1840 1839 6
131 32 7
1839 1838 7
1838 835 8
59 58 9
835 1610 10
32 72 11
1610 1753 11
1753 1762 12
1762 836 12
112 31 13
1144 289 13
289 233 13
233 231 13
836 324 13
231 229 14
120 62 15
229 227 15
324 325 15
227 225 16
225 287 16
287 223 16
325 326 16
223 222 17
222 220 17
326 1140 17
58 59 18
220 218 18
218 2388 18
2388 2386 19
2386 2384 19
2384 2382 19
1558 1841 19
1140 951 19
2382 2380 20
2380 2378 20
1841 632 20
951 953 20
31 14 21
2378 286 21
286 1002 21
953 955 21
955 957 21
1002 2375 22
957 959 22
14 115 23
258 256 23
959 961 23
961 963 23
51 121 24
256 254 24
963 966 24
115 116 25
966 1090 25
254 251 26
632 964 26
116 117 27
964 962 27
19 20 28
59 58 28
79 125 28
69 134 28
62 120 28
24 12 28
2375 285 28
285 2377 28
962 960 28
117 118 29
2377 2379 29
2379 2381 29
960 958 29
958 956 29
1558 1841 29
125 85 30
2381 2383 30
2383 2385 30
2385 2387 30
956 954 30
1841 1840 30
130 131 31
118 114 31
2387 217 31
217 219 31
954 952 31
952 525 31
1090 1558 31
92 41 32
219 221 32
221 296 32
525 542 32
542 1754 32
296 288 33
288 224 33
224 226 33
1754 1614 33
1614 1264 33
41 90 34
134 1 34
226 228 34
1264 1266 34
114 112 35
228 230 35
230 232 35
1266 1265 35
1265 1267 35
1840 1839 35
131 32 36
90 89 36
232 290 36
290 234 36
251 250 36
1267 539 36
1839 1838 36
85 8 37
1 77 37
234 236 37
250 248 37
539 1084 37
1838 835 37
58 59 38
89 88 38
236 238 38
238 240 38
248 245 38
245 243 38
1084 828 38
77 103 39
240 242 39
242 244 39
243 241 39
835 1610 39
32 72 40
88 87 40
8 87 40
120 24 40
244 247 40
241 239 40
828 1086 40
1610 1753 40
71 65 41
247 249 41
249 246 41
239 237 41
237 235 41
1086 1087 41
1753 1762 41
1762 836 41
87 7 42
103 77 42
246 253 42
235 289 42
1087 1088 42
1088 1090 42
992 982 42
87 36 43
12 11 43
112 31 43
289 233 43
233 231 43
683 1465 43
1465 1466 43
1466 1467 43
836 324 43
2375 285 44
285 2377 44
231 229 44
1467 461 44
461 463 44
72 107 45
7 86 45
36 89 45
77 2 45
2377 2379 45
2379 2381 45
229 227 45
227 225 45
463 826 45
324 325 45
65 132 46
120 24 46
2381 2383 46
2383 2385 46
2385 2387 46
225 287 46
287 223 46
826 849 46
849 547 46
325 326 46
2387 217 47
217 219 47
223 222 47
222 220 47
326 1140 47
20 19 48
86 125 48
121 129 48
89 90 48
2 42 48
219 221 48
221 296 48
220 218 48
218 2388 48
2388 2386 48
547 1740 48
1740 1742 48
1090 1558 48
107 100 49
132 130 49
11 10 49
296 288 49
288 224 49
224 226 49
2386 2384 49
2384 2382 49
1742 1469 49
1558 1841 49
1140 951 49
90 41 50
226 228 50
2382 2380 50
2380 2378 50
2378 286 50
1469 1470 50
1470 1472 50
1841 632 50
951 953 50
42 79 51
31 14 51
228 230 51
230 232 51
286 1002 51
1472 1471 51
953 955 51
955 957 51
41 91 52
253 255 52
232 290 52
290 234 52
1002 2375 52
1471 1473 52
1473 1474 52
957 959 52
100 99 53
14 115 53
234 236 53
1474 1298 53
959 961 53
961 963 53
91 97 54
255 257 54
236 238 54
238 240 54
1298 1396 54
963 966 54
99 96 55
125 80 55
115 116 55
240 242 55
242 244 55
1396 345 55
966 1090 55
2375 285 56
285 2377 56
244 247 56
632 964 56
96 92 57
80 78 57
116 117 57
2377 2379 57
2379 2381 57
247 249 57
249 252 57
345 329 57
329 1755 57
1755 540 57
964 962 57
79 125 58
24 18 58
24 18 58
2381 2383 58
2383 2385 58
2385 2387 58
2418 2313 58
962 960 58
97 99 59
10 9 59
117 118 59
2387 217 59
217 219 59
2313 1591 59
540 1140 59
960 958 59
958 956 59
1558 1841 59
125 85 60
219 221 60
221 296 60
956 954 60
1841 1840 60
130 131 61
99 101 61
118 114 61
296 288 61
288 224 61
224 226 61
1591 1698 61
954 952 61
952 525 61
1090 1558 61
92 41 62
226 228 62
1698 1699 62
525 542 62
542 1754 62
101 106 63
228 230 63
230 232 63
1699 1700 63
1795 1796 63
1754 1614 63
1614 1264 63
41 90 64
78 2 64
232 290 64
290 234 64
1796 1804 64
1264 1266 64
9 15 65
18 15 65
18 15 65
114 112 65
234 236 65
1700 2305 65
1804 1805 65
1266 1265 65
1265 1267 65
1840 1839 65
131 32 66
90 89 66
236 238 66
238 240 66
2305 2307 66
2332 1434 66
1805 1806 66
1806 1807 66
1267 539 66
1839 1838 66
2 102 67
106 71 67
85 8 67
240 242 67
242 244 67
2307 192 67
1807 845 67
539 1084 67
1838 835 67
89 88 68
244 247 68
252 250 68
192 191 68
1434 1402 68
845 846 68
846 847 68
1084 828 68
247 249 69
249 252 69
250 248 69
248 245 69
245 243 69
1402 1433 69
847 848 69
848 1765 69
835 1610 69
32 72 70
88 87 70
102 35 70
8 87 70
243 241 70
191 1701 70
1701 1702 70
1433 1432 70
1765 947 70
828 1086 70
1610 1753 70
71 65 71
15 6 71
241 239 71
1702 1679 71
1069 1071 71
1432 1431 71
947 948 71
1086 1087 71
1753 1762 71
1762 836 71
87 7 72
35 102 72
239 237 72
237 235 72
1679 1872 72
1071 1072 72
1431 1430 72
1430 1429 72
948 949 72
949 836 72
1087 1088 72
1088 1090 72
87 36 73
112 31 73
235 289 73
1872 1873 73
1429 666 73
836 828 73
836 324 73
102 1 74
51 121 74
289 233 74
233 231 74
1072 1073 74
72 107 75
7 86 75
36 89 75
231 229 75
1873 1874 75
666 668 75
828 1086 75
324 325 75
65 132 76
229 227 76
227 225 76
1874 1875 76
1875 1854 76
1073 211 76
668 669 76
669 670 76
1086 1087 76
325 326 76
1 29 77
225 287 77
287 223 77
670 671 77
1087 1088 77
326 1140 77
112 113 78
86 125 78
89 90 78
5 15 78
223 222 78
222 220 78
211 213 78
671 1425 78
1088 1090 78
1090 1558 78
107 100 79
132 130 79
6 125 79
220 218 79
218 2388 79
2388 2386 79
1425 1424 79
1558 1841 79
1140 951 79
29 69 80
90 41 80
294 2365 80
2386 2384 80
2384 2382 80
1854 1853 80
1853 1846 80
213 215 80
1424 966 80
1841 632 80
951 953 80
31 14 81
2365 2367 81
2367 2369 81
2382 2380 81
2380 2378 81
1846 1847 81
215 299 81
953 955 81
955 957 81
41 91 82
2369 1142 82
2378 286 82
286 1002 82
1847 1848 82
1848 1850 82
299 1629 82
966 1090 82
957 959 82
6 15 83
100 99 83
14 115 83
1142 2373 83
258 256 83
1002 2375 83
164 2032 83
1850 1851 83
1090 1556 83
959 961 83
961 963 83
113 31 84
91 97 84
2375 285 84
285 2377 84
2375 285 84
285 2377 84
2375 285 84
285 2377 84
256 254 84
2032 2031 84
2031 2035 84
1851 1852 84
1629 1855 84
963 966 84
99 96 85
125 80 85
115 116 85
2377 2379 85
2379 2381 85
2377 2379 85
2379 2381 85
2377 2379 85
2379 2381 85
2035 2039 85
2039 2037 85
1852 324 85
966 1090 85
15 18 86
2381 2383 86
2383 2385 86
2385 2387 86
2381 2383 86
2383 2385 86
2385 2387 86
2381 2383 86
2383 2385 86
2385 2387 86
254 251 86
2037 2042 86
632 964 86
31 118 87
96 92 87
80 78 87
116 117 87
2387 217 87
217 219 87
2387 217 87
217 219 87
2387 217 87
217 219 87
2042 2046 87
324 325 87
1855 1854 87
964 962 87
19 20 88
79 125 88
69 134 88
219 221 88
221 296 88
219 221 88
221 296 88
219 221 88
221 296 88
252 250 88
2418 2313 88
325 326 88
326 808 88
1854 1853 88
683 1465 88
1465 1466 88
1466 1467 88
1090 1554 88
962 960 88
97 99 89
117 118 89
296 288 89
288 224 89
224 226 89
296 288 89
288 224 89
224 226 89
296 288 89
288 224 89
224 226 89
250 248 89
248 245 89
245 243 89
2046 1682 89
2313 1591 89
808 1090 89
1853 1846 89
1846 1848 89
1467 461 89
461 463 89
960 958 89
958 956 89
1558 1841 89
125 85 90
15 6 90
15 6 90
226 228 90
226 228 90
226 228 90
243 241 90
1682 2049 90
2049 551 90
1848 1850 90
463 826 90
956 954 90
1841 1840 90
118 117 91
99 101 91
118 114 91
228 230 91
230 232 91
228 230 91
230 232 91
228 230 91
230 232 91
241 239 91
1591 1698 91
2419 1048 91
1048 2417 91
1850 1851 91
826 849 91
849 547 91
954 952 91
952 525 91
1090 1558 91
15 10 92
60 109 92
92 41 92
232 290 92
290 234 92
232 290 92
290 234 92
232 290 92
290 234 92
239 237 92
237 235 92
551 553 92
1698 1699 92
2417 1711 92
1851 1852 92
1852 828 92
525 542 92
542 1754 92
117 28 93
101 106 93
234 236 93
234 236 93
234 236 93
235 289 93
553 1786 93
1699 1700 93
1711 2421 93
547 1740 93
1740 1742 93
1554 1841 93
1754 1614 93
1614 1264 93
130 131 94
28 30 94
41 90 94
78 2 94
134 1 94
236 238 94
238 240 94
236 238 94
238 240 94
236 238 94
238 240 94
289 233 94
233 231 94
2421 2423 94
828 1086 94
1742 1744 94
1744 1746 94
1841 632 94
1264 1266 94
30 115 95
114 112 95
240 242 95
242 244 95
240 242 95
242 244 95
240 242 95
242 244 95
231 229 95
1786 1790 95
1700 2305 95
2423 2424 95
1086 1087 95
1746 1748 95
1266 1265 95
1265 1267 95
1840 1839 95
90 89 96
244 247 96
244 247 96
244 247 96
251 250 96
229 227 96
227 225 96
2305 2307 96
2424 1709 96
1087 1088 96
1088 1090 96
1748 1750 96
1267 539 96
1839 1838 96
115 14 97
109 110 97
2 102 97
85 8 97
106 71 97
1 77 97
247 249 97
249 246 97
247 249 97
249 246 97
247 249 97
249 246 97
250 248 97
225 287 97
287 223 97
2307 192 97
1750 525 97
539 1084 97
1838 835 97
112 113 98
89 88 98
121 129 98
5 15 98
246 253 98
246 253 98
246 253 98
248 245 98
245 243 98
223 222 98
222 220 98
592 1583 98
1790 814 98
192 191 98
525 1248 98
1084 828 98
131 32 99
14 25 99
110 61 99
77 103 99
243 241 99
220 218 99
218 2388 99
2388 2386 99
1583 1005 99
814 1785 99
1248 1247 99
1247 1246 99
835 1610 99
88 87 100
102 35 100
8 87 100
241 239 100
2386 2384 100
2384 2382 100
1005 593 100
1785 1830 100
191 1701 100
1701 1702 100
1090 1552 100
1246 828 100
632 633 100
828 1086 100
1610 1753 100
71 65 101
239 237 101
237 235 101
2382 2380 101
2380 2378 101
593 595 101
595 597 101
1830 1784 101
1702 1679 101
540 1754 101
1754 1614 101
633 634 101
1086 1087 101
1753 1762 101
1762 836 101
25 113 102
87 7 102
35 102 102
103 77 102
235 289 102
2378 286 102
286 1002 102
597 942 102
1784 1792 102
1679 1872 102
1090 1565 102
1614 505 102
505 344 102
828 1086 102
634 635 102
1087 1088 102
1088 1090 102
32 66 103
87 36 103
289 233 103
233 231 103
1002 2375 103
942 606 103
606 601 103
1872 1865 103
344 343 103
1086 1087 103
635 1456 103
836 324 103
113 31 104
113 60 104
61 55 104
102 1 104
231 229 104
1792 1793 104
343 342 104
1087 1088 104
1456 1455 104
7 86 105
36 89 105
77 2 105
229 227 105
227 225 105
601 603 105
1793 1794 105
1865 528 105
1088 1090 105
1455 1454 105
324 325 105
992 982 105
66 72 106
65 132 106
225 287 106
287 223 106
603 599 106
1794 1255 106
528 1864 106
1864 1857 106
342 341 106
1454 1453 106
1453 638 106
325 326 106
31 118 107
55 122 107
1 29 107
15 18 107
223 222 107
222 220 107
599 609 107
1255 1256 107
1857 1856 107
341 340 107
340 647 107
326 1140 107
20 19 108
120 12 108
86 125 108
89 90 108
2 42 108
253 255 108
253 255 108
253 255 108
2375 285 108
285 2377 108
220 218 108
218 2388 108
2388 2386 108
1256 1257 108
789 1728 108
1416 698 108
698 697 108
638 639 108
1090 1558 108
72 107 109
60 109 109
132 130 109
2377 2379 109
2379 2381 109
2386 2384 109
2384 2382 109
609 387 109
387 607 109
1257 1258 109
1856 1855 109
647 534 109
534 1301 109
1728 1729 109
639 640 109
1558 1841 109
1140 951 109
29 126 110
90 41 110
18 24 110
255 257 110
255 257 110
255 257 110
2381 2383 110
2383 2385 110
2385 2387 110
2382 2380 110
2380 2378 110
2378 286 110
607 453 110
1258 1259 110
1855 1854 110
1301 843 110
697 2218 110
1090 1557 110
640 641 110
1677 1446 110
1446 864 110
1841 632 110
951 953 110
10 11 111
118 117 111
42 79 111
2387 217 111
217 219 111
286 1002 111
1259 1260 111
1710 2425 111
1854 1853 111
843 361 111
361 360 111
360 359 111
1729 1742 111
2218 1714 111
641 642 111
642 506 111
864 1447 111
1447 1448 111
953 955 111
955 957 111
122 83 112
41 91 112
219 221 112
221 296 112
1002 2375 112
453 472 112
1260 1261 112
1261 1262 112
2425 2422 112
1853 1846 112
1069 1071 112
359 358 112
1742 1469 112
1714 1731 112
506 644 112
1448 1449 112
1449 1450 112
957 959 112
107 105 113
54 41 113
117 28 113
126 76 113
296 288 113
288 224 113
224 226 113
472 1835 113
1835 1834 113
2422 2420 113
1846 1847 113
1847 1848 113
2418 2313 113
1552 1841 113
1841 541 113
2138 2084 113
1071 1072 113
1469 1470 113
1731 1732 113
644 645 113
1450 1451 113
1451 1452 113
959 961 113
961 963 113
130 131 114
28 30 114
109 110 114
91 97 114
2375 285 114
285 2377 114
226 228 114
1834 1833 114
1262 1263 114
2420 1712 114
1848 1850 114
2313 1591 114
2084 2134 114
2134 2132 114
2162 2164 114
358 357 114
357 356 114
1470 1472 114
1472 1471 114
1732 799 114
1452 666 114
666 668 114
963 966 114
30 115 115
125 80 115
2377 2379 115
2379 2381 115
228 230 115
230 232 115
1833 1317 115
1263 345 115
1712 2416 115
1850 1851 115
2132 2265 115
356 355 115
1471 1473 115
799 956 115
645 2332 115
668 669 115
966 1090 115
105 104 116
41 90 116
110 61 116
76 134 116
2381 2383 116
2383 2385 116
2385 2387 116
232 290 116
290 234 116
1317 1302 116
345 329 116
329 1758 116
2416 1049 116
1851 1852 116
1852 828 116
1591 1698 116
2265 2263 116
2164 2249 116
1072 1073 116
355 354 116
1473 1474 116
1474 1298 116
956 954 116
954 952 116
669 670 116
632 964 116
115 14 117
80 78 117
2387 217 117
217 219 117
234 236 117
1302 1303 117
1303 1304 117
1049 2418 117
828 1086 117
1698 1699 117
2263 2260 117
2249 2267 117
354 1270 117
1298 1396 117
952 540 117
670 671 117
671 1425 117
964 962 117
104 100 118
19 20 118
17 81 118
81 17 118
112 113 118
79 125 118
24 18 118
5 15 118
219 221 118
221 296 118
236 238 118
238 240 118
164 2024 118
2024 2026 118
2026 1017 118
1304 1305 118
1758 1760 118
164 2032 118
1086 1087 118
1699 1700 118
2260 2257 118
2257 1904 118
1073 211 118
1270 1271 118
1271 1272 118
540 951 118
700 531 118
531 529 118
1396 1264 118
683 1465 118
1465 1466 118
1466 1467 118
1116 528 118
807 1784 118
1784 1792 118
1425 1424 118
962 960 118
